8087	5.14208e-05	0.000565906	0.00196968	0.00478407	0.00962647	0.0171231	0.0277597	0.0416797	0.0584503	0.0768335	0.0946286	0.108749	0.115792	0.113231	0.10081	0.0811723	0.0589589	0.0387547	0.0232679	0.0129238	0.0067316	0.00333387	0.00158595	0.000722893	0.000310285	0.000122278	4.30583e-05	1.31811e-05	3.40786e-06	7.20812e-07	1.20319e-07	1.66033e-08	
18087	0.000204183	0.00199041	0.00618531	0.013656	0.0256011	0.0434423	0.0681556	0.0985944	0.128033	0.143095	0.134605	0.108579	0.0785468	0.0533767	0.035231	0.0229667	0.0148278	0.00942104	0.00583198	0.00348756	0.00200415	0.00110201	0.000575605	0.000281972	0.000127243	5.17877e-05	1.85825e-05	5.73789e-06	1.4849e-06	3.1266e-07	5.17782e-08	7.06919e-09	
28087	7.33105e-06	0.000319659	0.00252163	0.00975876	0.0248709	0.0472908	0.0717059	0.0907854	0.100297	0.102035	0.100647	0.0974643	0.0903674	0.0781603	0.0622811	0.0456077	0.0308203	0.0194103	0.0115518	0.00658997	0.00364179	0.00195697	0.00101757	0.000504917	0.000234142	9.90094e-05	3.71963e-05	1.2081e-05	3.29388e-06	7.296e-07	1.26508e-07	1.80166e-08	
38087	1.7723e-08	3.63881e-07	2.24456e-06	9.52345e-06	3.39664e-05	0.000111748	0.000356117	0.00110549	0.00322816	0.00842829	0.0189691	0.0365345	0.0611563	0.0903646	0.117838	0.134558	0.134471	0.118864	0.0945612	0.0689446	0.0466763	0.0294648	0.0172694	0.00931193	0.00456855	0.00201488	0.000787703	0.000268207	7.77564e-05	1.86504e-05	3.57216e-06	5.83164e-07	
48087	4.02371e-05	0.000433269	0.00154352	0.00418731	0.0106332	0.0261985	0.0585121	0.107552	0.15184	0.163542	0.142342	0.108202	0.0761297	0.0513727	0.0340251	0.0224396	0.0148013	0.00973237	0.00634332	0.00407633	0.00256783	0.00157299	0.000926007	0.000515598	0.000266413	0.000125111	5.22213e-05	1.89077e-05	5.77871e-06	1.44518e-06	2.85352e-07	4.76064e-08	
58087	1.54343e-06	3.33645e-05	0.000191289	0.000719979	0.00219849	0.00588486	0.0141226	0.0298985	0.0541365	0.0830199	0.109112	0.124522	0.125346	0.114252	0.0970675	0.0779499	0.058861	0.0412764	0.0267075	0.0160456	0.00909508	0.00492604	0.00254236	0.00122865	0.000543207	0.00021472	7.42558e-05	2.19889e-05	5.44995e-06	1.10177e-06	1.76172e-07	2.33237e-08	
68087	2.79222e-06	5.7256e-05	0.000335874	0.00142558	0.00541084	0.0182674	0.0500381	0.101376	0.145164	0.152203	0.129752	0.100802	0.0767391	0.058744	0.0451478	0.0343926	0.0256252	0.0185405	0.0130123	0.00886314	0.00584335	0.00369879	0.00221875	0.00124068	0.000634731	0.000291054	0.000116965	4.01846e-05	1.1478e-05	2.64048e-06	4.71719e-07	6.88652e-08	
78087	0.00192047	0.0175409	0.0480009	0.087787	0.12876	0.158672	0.167929	0.151263	0.110701	0.0646028	0.0316965	0.0145312	0.00692373	0.00364909	0.00214468	0.00136573	0.000905405	0.000605013	0.00039896	0.000255875	0.000157708	9.23389e-05	5.07405e-05	2.5822e-05	1.19896e-05	4.99371e-06	1.82969e-06	5.76662e-07	1.52334e-07	3.27335e-08	5.52629e-09	7.69251e-10	
88087	0.00361263	0.0272133	0.110242	0.313965	0.308455	0.157435	0.0526706	0.0157981	0.00521329	0.00215536	0.00110734	0.000663628	0.000439191	0.000307709	0.000221386	0.000160194	0.000114938	8.0912e-05	5.53821e-05	3.65374e-05	2.30232e-05	1.37203e-05	7.64768e-06	3.93753e-06	1.84587e-06	7.74927e-07	2.8581e-07	9.05759e-08	2.40378e-08	5.18533e-09	8.78303e-10	1.22639e-10	
98087	4.51092e-05	0.0032858	0.0764804	0.307173	0.304188	0.171296	0.0714401	0.0307633	0.0146008	0.00763232	0.00439687	0.00276959	0.00186267	0.00129907	0.000917214	0.000643964	0.000443605	0.000297028	0.000192158	0.000119642	7.14216e-05	4.06477e-05	2.18547e-05	1.09576e-05	5.04028e-06	2.08728e-06	7.6204e-07	2.39603e-07	6.31901e-08	1.35619e-08	2.28758e-09	3.18192e-10	
108087	2.13149e-05	0.0123283	0.201845	0.334868	0.18539	0.105169	0.0582851	0.0344678	0.0220764	0.0147506	0.00992978	0.00670617	0.00457688	0.00315944	0.00218945	0.00150763	0.00102212	0.000676751	0.000434031	0.000267391	0.000156992	8.72241e-05	4.55392e-05	2.21512e-05	9.91845e-06	4.02115e-06	1.44553e-06	4.49551e-07	1.17622e-07	2.50925e-08	4.21235e-09	5.83379e-10	
118087	0.00909679	0.115092	0.444396	0.367397	0.0579683	0.00440687	0.000721852	0.000291432	0.000174352	0.000119454	8.66738e-05	6.47825e-05	4.91418e-05	3.744e-05	2.84098e-05	2.1313e-05	1.56984e-05	1.1275e-05	7.84043e-06	5.23871e-06	3.33534e-06	2.00456e-06	1.12519e-06	5.82701e-07	2.7449e-07	1.15703e-07	4.28189e-08	1.36085e-08	3.62023e-09	7.82528e-10	1.32775e-10	1.85698e-11	
128087	0.00021491	0.0729935	0.401985	0.361225	0.0916984	0.0300609	0.0153538	0.00958474	0.00614797	0.00390804	0.00248382	0.00158096	0.00100592	0.000639344	0.000406523	0.000259671	0.000167307	0.000108569	7.02737e-05	4.46869e-05	2.74704e-05	1.60849e-05	8.84807e-06	4.50899e-06	2.09657e-06	8.74399e-07	3.20774e-07	1.0121e-07	2.67626e-08	5.75572e-09	9.72467e-10	1.35468e-10	
138087	0.000103721	0.00883321	0.0813688	0.120913	0.0702329	0.0724586	0.0946021	0.1103	0.106032	0.0880664	0.0671766	0.0488348	0.0349167	0.0253025	0.0188364	0.014327	0.0109774	0.00835164	0.0062296	0.00450106	0.00311071	0.00202883	0.00123107	0.000684599	0.00034328	0.000152437	5.87354e-05	1.91847e-05	5.17204e-06	1.11632e-06	1.86334e-07	2.51561e-08	
148087	5.14476e-05	0.000793196	0.00355495	0.0106872	0.0260025	0.0547422	0.0996696	0.149172	0.176655	0.166124	0.127228	0.0821121	0.0468021	0.0250441	0.0133771	0.00740617	0.00428285	0.00256362	0.00156302	0.000951337	0.000566248	0.000323561	0.000174626	8.7642e-05	4.02487e-05	1.66159e-05	6.04426e-06	1.89369e-06	4.97796e-07	1.06528e-07	1.7923e-08	2.4868e-09	
158087	7.78562e-09	1.12657e-07	5.26201e-07	1.75431e-06	4.96913e-06	1.28022e-05	3.10703e-05	7.26597e-05	0.000166794	0.00038241	0.000887418	0.00208871	0.00490989	0.0111723	0.0237239	0.0455398	0.0771846	0.113667	0.144035	0.156227	0.144664	0.114299	0.077241	0.0449571	0.0227815	0.0101414	0.00396511	0.00134469	0.00038645	9.1168e-05	1.69782e-05	2.64057e-06	
168087	1.11518e-08	4.24346e-07	3.44554e-06	1.68e-05	6.26463e-05	0.000196608	0.000544288	0.00136398	0.00314163	0.00671331	0.0133839	0.0249463	0.0433464	0.0694897	0.100817	0.129012	0.142198	0.133886	0.109646	0.0811187	0.0560201	0.0365538	0.0224897	0.0129283	0.00683552	0.00325383	0.00136023	0.000485719	0.000143632	3.3974e-05	6.18419e-06	9.11053e-07	
178087	6.99832e-08	9.54368e-07	4.21363e-06	1.33447e-05	3.61923e-05	9.03601e-05	0.000216088	0.000507887	0.00119267	0.00281595	0.00663893	0.0152676	0.0328979	0.0631978	0.103498	0.140729	0.158354	0.14969	0.121643	0.0868048	0.0552334	0.0316723	0.0164843	0.0078034	0.00334226	0.00127821	0.000428067	0.00012268	2.93508e-05	5.70819e-06	8.75786e-07	1.10651e-07	
188087	0.000105667	0.00124954	0.00483726	0.0142637	0.0371445	0.0812234	0.138847	0.179913	0.178667	0.142214	0.0955825	0.0566334	0.030988	0.0165036	0.00895163	0.00508199	0.00303545	0.00188116	0.00118162	0.000734887	0.000443829	0.000256137	0.000139199	7.01997e-05	3.23407e-05	1.33755e-05	4.86926e-06	1.52558e-06	4.00854e-07	8.57295e-08	1.44153e-08	1.99916e-09	
198087	2.42538e-07	4.2582e-06	2.59213e-05	0.000116864	0.000449538	0.00153232	0.00464718	0.0124069	0.0286803	0.0564031	0.092817	0.126229	0.141766	0.134116	0.111497	0.0859251	0.0641403	0.047221	0.034044	0.0235852	0.0154002	0.00932899	0.00517861	0.00260706	0.00117773	0.000471366	0.000164468	4.90343e-05	1.21922e-05	2.45709e-06	3.88278e-07	5.01978e-08	
208087	1.61185e-05	0.000213489	0.000900351	0.00269134	0.00682846	0.0157215	0.0333691	0.063947	0.106185	0.146981	0.166346	0.154428	0.119619	0.0792525	0.0466604	0.0257123	0.0139282	0.00764021	0.00427783	0.00242519	0.00136855	0.000753264	0.000396228	0.000195325	8.85332e-05	3.61853e-05	1.30596e-05	4.06579e-06	1.06328e-06	2.26577e-07	3.79871e-08	5.25346e-09	
218087	7.15958e-05	0.0059665	0.069157	0.231553	0.31286	0.211728	0.0933676	0.0372523	0.0162881	0.00824189	0.00476586	0.00298486	0.00194837	0.0012991	0.000873145	0.000586105	0.00039041	0.000256729	0.000165775	0.000104403	6.35455e-05	3.69421e-05	2.02309e-05	1.02795e-05	4.76784e-06	1.98324e-06	7.25388e-07	2.28128e-07	6.01216e-08	1.28888e-08	2.17145e-09	3.01696e-10	
228087	3.53279e-05	0.0025478	0.0283963	0.107533	0.168315	0.141733	0.100548	0.0849141	0.0777282	0.0684075	0.0569369	0.045635	0.0356223	0.0269357	0.0194937	0.0134013	0.00876051	0.00548983	0.00332917	0.00196036	0.00111424	0.000604151	0.000308655	0.000146933	6.44131e-05	2.56185e-05	9.06463e-06	2.7849e-06	7.22075e-07	1.53e-07	2.555e-08	3.52201e-09	
238087	1.19466e-06	1.44618e-05	5.63486e-05	0.000156751	0.000371642	0.000805175	0.00164837	0.00324074	0.00615561	0.0112943	0.0199438	0.0336708	0.05374	0.0796784	0.107487	0.129565	0.138012	0.129554	0.107371	0.0783702	0.0498715	0.0274162	0.013048	0.00546124	0.00205598	0.000707497	0.00022207	6.22232e-05	1.50564e-05	3.02956e-06	4.86658e-07	6.49312e-08	
248087	7.88044e-07	9.18896e-06	3.46333e-05	9.35026e-05	0.00021596	0.000459254	0.000935961	0.0018659	0.0036526	0.00697774	0.0128799	0.0226288	0.0370964	0.0558596	0.0768675	0.0968604	0.11207	0.119139	0.11615	0.103428	0.0837334	0.0613871	0.0406182	0.0241733	0.0128856	0.00611516	0.00255816	0.000928324	0.000285605	7.23264e-05	1.45432e-05	2.48929e-06	
258087	0.000717508	0.0101334	0.0448272	0.109694	0.165115	0.164914	0.119221	0.0724642	0.0465306	0.0363082	0.0326049	0.0309312	0.0296939	0.0282545	0.0262587	0.0234487	0.0196939	0.0151767	0.0105094	0.00648518	0.00359882	0.0018388	0.000887591	0.000408904	0.000177506	7.07224e-05	2.51299e-05	7.74368e-06	2.01047e-06	4.26116e-07	7.1145e-08	9.80311e-09	
268087	2.6836e-06	3.15878e-05	0.000119642	0.000322466	0.00073582	0.00151987	0.00293456	0.0053887	0.00950735	0.0161964	0.0266216	0.0419426	0.0626013	0.0871841	0.111424	0.128461	0.131489	0.118332	0.0938832	0.0666504	0.0430826	0.0256075	0.0139939	0.00697849	0.00313662	0.00125068	0.000434231	0.00012848	3.15952e-05	6.27548e-06	9.74981e-07	1.23604e-07	
278087	7.67166e-07	1.04273e-05	6.07967e-05	0.00033353	0.00150745	0.00476473	0.0108953	0.0202248	0.0326443	0.0460247	0.0574671	0.0667312	0.075538	0.0842762	0.0914265	0.0950709	0.0937818	0.0868531	0.0746448	0.0588534	0.0421556	0.027221	0.0157379	0.00807917	0.0036399	0.00141803	0.000470393	0.000131103	3.03535e-05	5.75901e-06	8.75434e-07	1.11377e-07	
288087	1.94631e-06	7.56469e-05	0.00101251	0.00532074	0.0143052	0.0241908	0.0314436	0.0390938	0.0526144	0.0738392	0.0994367	0.121383	0.130238	0.121445	0.0989466	0.071747	0.0474601	0.0293395	0.0172952	0.00985581	0.00544769	0.00289739	0.00146038	0.000685733	0.000295063	0.000114483	3.937e-05	1.176e-05	2.97603e-06	6.18784e-07	1.01912e-07	1.38936e-08	
298087	1.70182e-08	9.21726e-07	1.44064e-05	0.00012733	0.000683129	0.00242391	0.00613873	0.0120004	0.0199603	0.0311746	0.0476756	0.069653	0.0936152	0.113231	0.122078	0.117161	0.101007	0.0799389	0.0597911	0.0432369	0.0304014	0.0206031	0.013257	0.00795713	0.00436502	0.00213816	0.000911711	0.000329208	9.76767e-05	2.30288e-05	4.15492e-06	6.02319e-07	
308087	3.22471e-05	0.000394983	0.00157506	0.00446239	0.0105114	0.021665	0.0398368	0.065773	0.0972661	0.127511	0.14588	0.143396	0.120443	0.087609	0.0568337	0.0339842	0.0192906	0.0106779	0.00588826	0.00326105	0.00180052	0.000974224	0.000506183	0.000247442	0.00011153	4.54116e-05	1.63449e-05	5.07818e-06	1.32593e-06	2.82193e-07	4.72641e-08	6.53056e-09	
318087	1.7761e-05	0.000259422	0.00115974	0.00353839	0.00875517	0.0186661	0.035115	0.0587633	0.0874874	0.115354	0.133832	0.136046	0.121515	0.0965258	0.0694661	0.0461911	0.028859	0.0171632	0.00982956	0.00547501	0.00297501	0.00156775	0.000791998	0.000377918	0.000167295	6.72785e-05	2.40153e-05	7.4187e-06	1.92895e-06	4.09208e-07	6.836e-08	9.42297e-09	
328087	0.000713592	0.0121023	0.0430672	0.0881997	0.130785	0.153404	0.148946	0.123801	0.0914466	0.0630251	0.0427687	0.0296805	0.0212308	0.0154667	0.0113012	0.00817481	0.00578482	0.00395843	0.0025917	0.00160973	0.000942496	0.000517697	0.000265567	0.000126476	5.54136e-05	2.20284e-05	7.79378e-06	2.3953e-06	6.21471e-07	1.31794e-07	2.20287e-08	3.03967e-09	
338087	2.70219e-06	7.11271e-05	0.000488716	0.00230312	0.00887572	0.0270475	0.0618867	0.105394	0.137334	0.144341	0.130563	0.107559	0.0834998	0.0620613	0.0445337	0.03096	0.0207986	0.0134273	0.00830111	0.00491141	0.00277829	0.00149557	0.000759152	0.000358996	0.000156004	6.13458e-05	2.14341e-05	6.50691e-06	1.67034e-06	3.51198e-07	5.83076e-08	7.99853e-09	
348087	3.63269e-07	5.69474e-06	3.0254e-05	0.000124604	0.000450536	0.0014244	0.00389397	0.00920466	0.0189029	0.0338945	0.0534158	0.0749501	0.0954768	0.112072	0.121249	0.119856	0.107448	0.0870986	0.0638645	0.0424711	0.0257648	0.0144061	0.00751813	0.00368872	0.00169229	0.000712087	0.000267176	8.65945e-05	2.34588e-05	5.1314e-06	8.7288e-07	1.20795e-07	
358087	7.46556e-05	0.00077819	0.00258101	0.00603837	0.0118861	0.0210506	0.0344862	0.0526691	0.074734	0.097624	0.116036	0.12403	0.118254	0.100613	0.0773899	0.0551677	0.0375685	0.0250935	0.0166667	0.0109767	0.00705771	0.00434079	0.00250342	0.00132898	0.000637728	0.00027142	0.000100362	3.15066e-05	8.18084e-06	1.70546e-06	2.75949e-07	3.61633e-08	
368087	2.07162e-07	2.51596e-06	1.00429e-05	2.91746e-05	7.33093e-05	0.000169856	0.000373336	0.000789288	0.00161715	0.00322464	0.00626358	0.0118041	0.021368	0.0366088	0.0583969	0.0854786	0.11347	0.135119	0.142582	0.131564	0.104799	0.071324	0.0412542	0.0203384	0.00865401	0.00322924	0.00106245	0.000303665	7.31225e-05	1.43119e-05	2.19586e-06	2.74558e-07	
378087	2.05327e-08	3.96347e-07	2.15939e-06	7.79377e-06	2.27493e-05	5.82057e-05	0.000135969	0.000296944	0.000615708	0.00122613	0.00236898	0.00448724	0.00842327	0.0157884	0.029406	0.0529492	0.0877019	0.126402	0.152611	0.153365	0.130896	0.0975355	0.0645662	0.038009	0.019661	0.00877653	0.00331685	0.00104093	0.000265598	5.37491e-05	8.37449e-06	1.04521e-06	
388087	2.09536e-07	3.09063e-06	1.5221e-05	5.41938e-05	0.000164024	0.000448731	0.00114082	0.00272027	0.00607035	0.0125862	0.024045	0.0419331	0.0660312	0.0928118	0.115433	0.126874	0.124309	0.110324	0.0901944	0.0686619	0.048677	0.0317839	0.0187747	0.00984277	0.00450463	0.00177716	0.000598818	0.000170913	4.08613e-05	8.03341e-06	1.26165e-06	1.65059e-07	
398087	3.78247e-07	8.49145e-06	5.19813e-05	0.000203087	0.000619068	0.00159743	0.00363477	0.00746235	0.0140177	0.0243079	0.0391209	0.0585371	0.0812437	0.103911	0.121324	0.128008	0.121069	0.102237	0.0770842	0.051992	0.031457	0.0171601	0.00851598	0.00388267	0.00163142	0.000625462	0.000213876	6.33162e-05	1.57211e-05	3.17015e-06	5.01915e-07	6.51764e-08	
408087	0.00120086	0.0106932	0.0293789	0.0548407	0.0824153	0.106233	0.121007	0.123862	0.11527	0.098551	0.0782643	0.0584597	0.041641	0.0286392	0.0191284	0.0123552	0.00765014	0.00453583	0.00261166	0.00148892	0.000843941	0.000468123	0.000248306	0.00012328	5.6197e-05	2.30747e-05	8.35947e-06	2.61077e-06	6.84589e-07	1.46212e-07	2.4561e-08	3.40299e-09	
418087	1.02107e-07	1.79733e-06	9.8425e-06	3.80679e-05	0.000125434	0.000378283	0.0010741	0.00288307	0.0072309	0.0166029	0.0340992	0.0612917	0.0947223	0.124514	0.139267	0.134398	0.114647	0.0889191	0.0644853	0.0446816	0.0297495	0.0188268	0.0111165	0.00601345	0.00293541	0.00127708	0.000489246	0.000162486	4.57305e-05	1.05706e-05	1.93015e-06	2.93737e-07	
428087	3.46485e-06	4.35192e-05	0.000188561	0.00061648	0.00173956	0.00434532	0.00964104	0.0190306	0.0335292	0.052978	0.0754957	0.0976051	0.115069	0.123977	0.121709	0.10805	0.0861354	0.0616035	0.0397952	0.023501	0.0128575	0.00658158	0.00316132	0.00141925	0.000590561	0.000225112	7.73271e-05	2.33967e-05	6.05527e-06	1.29504e-06	2.20206e-07	3.12449e-08	
438087	6.7098e-06	7.64706e-05	0.00027783	0.000710732	0.00152145	0.00291177	0.0051457	0.00855684	0.0135679	0.0207357	0.0307926	0.044549	0.0624412	0.0836616	0.105199	0.12164	0.126845	0.117479	0.0958211	0.0687668	0.0435932	0.0245247	0.012291	0.0055102	0.00221867	0.000802451	0.000258689	7.3079e-05	1.76413e-05	3.52585e-06	5.62209e-07	7.45113e-08	
448087	7.0828e-05	0.00091192	0.00367474	0.0100878	0.0219177	0.0396029	0.0610472	0.0819174	0.0975101	0.104776	0.103246	0.0947896	0.0825442	0.0693617	0.0568185	0.0455182	0.0357723	0.0276778	0.0210144	0.0154555	0.0108159	0.00707419	0.00425297	0.00231233	0.00111811	0.000472439	0.000171199	5.21459e-05	1.30608e-05	2.62463e-06	4.11347e-07	5.26329e-08	
458087	3.15754e-06	5.55606e-05	0.000278734	0.000927491	0.00249622	0.00590106	0.0127359	0.0252795	0.0453367	0.0714449	0.0968996	0.112723	0.114265	0.104162	0.088745	0.0730617	0.0592968	0.0478016	0.038266	0.0302446	0.0233492	0.0173509	0.012203	0.00797931	0.00476245	0.00254494	0.00119241	0.000478582	0.000160241	4.34209e-05	9.19434e-06	1.64078e-06	
468087	1.58351e-06	1.9624e-05	8.17881e-05	0.000250813	0.000662869	0.00158831	0.00351381	0.00722209	0.0138058	0.0245068	0.0402534	0.0608519	0.084058	0.105264	0.118804	0.120754	0.111056	0.0931367	0.0719446	0.0518863	0.0354589	0.0231877	0.0144997	0.00856875	0.00469592	0.00233525	0.00103004	0.00039324	0.000126434	3.31765e-05	6.85164e-06	1.19709e-06	
478087	5.80684e-07	1.07643e-05	5.52143e-05	0.000185392	0.000499546	0.00117642	0.00253751	0.00516265	0.0100679	0.0188447	0.033413	0.0549027	0.0817384	0.108421	0.127123	0.131934	0.122226	0.102133	0.0774994	0.0534404	0.0333762	0.0187939	0.00950201	0.00430309	0.00174411	0.000631503	0.000202829	5.69351e-05	1.36499e-05	2.71205e-06	4.30587e-07	5.6889e-08	
488087	2.23699e-06	2.89588e-05	0.000119173	0.000346506	0.000851853	0.0019005	0.00397006	0.0078453	0.0146378	0.0255989	0.0416367	0.0625958	0.0864937	0.109076	0.124543	0.128014	0.118177	0.0978301	0.0724319	0.0478891	0.0283466	0.0151194	0.00732054	0.00323369	0.00130288	0.000475291	0.000154732	4.40582e-05	1.07009e-05	2.15051e-06	3.44763e-07	4.59456e-08	
498087	1.51088e-05	0.000178326	0.000673306	0.00179297	0.00399192	0.00791276	0.0143624	0.0241992	0.0381093	0.0562808	0.0779671	0.100854	0.120385	0.13023	0.125299	0.105852	0.0783066	0.0511987	0.0301627	0.0163835	0.00837226	0.00408787	0.001924	0.000870207	0.000371907	0.000146423	5.16311e-05	1.5843e-05	4.10551e-06	8.69694e-07	1.45217e-07	2.0011e-08	
508087	6.49317e-06	0.00015503	0.000939474	0.00322692	0.00767607	0.0139956	0.021065	0.0280957	0.0355553	0.0447158	0.0563771	0.0699738	0.0833837	0.0933612	0.0968533	0.0928065	0.0828664	0.0700679	0.0569225	0.0446966	0.0338244	0.0244537	0.0166864	0.0105936	0.00615678	0.00321703	0.00148088	0.000586737	0.000194782	5.25219e-05	1.10985e-05	1.98092e-06	
518087	4.7452e-05	0.000818597	0.00384522	0.0114105	0.0259157	0.0484934	0.0773285	0.106828	0.128895	0.136449	0.127303	0.105467	0.0786231	0.0538143	0.0347159	0.0217358	0.0135879	0.00866518	0.00568192	0.00380235	0.00255082	0.00167918	0.00106241	0.000633696	0.000349697	0.000175061	7.7804e-05	2.9963e-05	9.72611e-06	2.57825e-06	5.38233e-07	9.52618e-08	
528087	8.28806e-06	9.51413e-05	0.000350416	0.000915733	0.0020175	0.00399421	0.00730405	0.0124793	0.0199916	0.0300224	0.0422034	0.0554798	0.0682711	0.078957	0.0864213	0.0902329	0.0903635	0.0868336	0.0797004	0.0693623	0.0568178	0.0435369	0.0310052	0.0203313	0.0121132	0.0064479	0.00300701	0.00120126	0.000400546	0.000108174	2.28493e-05	4.07047e-06	
538087	1.44614e-05	0.000157851	0.000549287	0.00134789	0.00277701	0.00514181	0.00885153	0.0144429	0.0225797	0.0339485	0.048925	0.066967	0.0860069	0.102417	0.111967	0.111597	0.101138	0.0837301	0.0642167	0.0465807	0.0325334	0.0219884	0.0142478	0.00869909	0.00490664	0.00250412	0.0011308	0.000440814	0.000144292	3.84314e-05	8.03446e-06	1.41933e-06	
548087	3.39665e-07	5.64433e-06	3.3424e-05	0.000141466	0.00050165	0.00156922	0.00428862	0.0100008	0.0197723	0.0336312	0.0504822	0.0684685	0.0851802	0.0979681	0.104595	0.103911	0.0963176	0.0837439	0.0688854	0.0540993	0.0407548	0.0293436	0.0199588	0.0126166	0.00728053	0.00376622	0.00171399	0.000672197	0.000221752	5.97628e-05	1.27009e-05	2.29678e-06	
558087	2.18142e-07	5.87159e-06	3.40968e-05	0.00012103	0.000334026	0.000788019	0.00166516	0.00323525	0.00587291	0.010069	0.016439	0.0257213	0.0386855	0.0557402	0.0761166	0.0971034	0.114288	0.123011	0.120134	0.105489	0.0824865	0.0569543	0.0344695	0.0181599	0.00828282	0.00326239	0.00110875	0.00032348	7.97095e-05	1.61086e-05	2.56686e-06	3.33951e-07	
568087	5.28483e-05	0.000551237	0.00182762	0.00425666	0.00827734	0.0143447	0.0228318	0.0338719	0.047152	0.0617103	0.075858	0.0873939	0.0942035	0.0950644	0.0902024	0.0811519	0.0699386	0.0581805	0.0467457	0.0360278	0.0263606	0.0181412	0.0116713	0.00698831	0.00386753	0.00195207	0.000879756	0.000344512	0.000113652	3.05373e-05	6.43907e-06	1.14763e-06	
578087	5.55127e-08	6.63935e-07	2.59269e-06	7.37829e-06	1.8437e-05	4.38198e-05	0.000103047	0.000242802	0.000568968	0.00130236	0.00285547	0.00589677	0.0113104	0.0199099	0.0318997	0.0465263	0.0625285	0.0789621	0.0950587	0.109068	0.11763	0.116821	0.104525	0.0824807	0.0562108	0.0323852	0.0154242	0.00592922	0.00179282	0.000414731	7.1246e-05	9.55701e-06	
588087	1.94734e-06	2.65018e-05	0.000120461	0.000403179	0.00116759	0.00305693	0.00726763	0.0155552	0.0296496	0.0498727	0.0736179	0.0953387	0.109078	0.111918	0.105207	0.0927324	0.0781013	0.063511	0.0499667	0.0379145	0.0276092	0.0191808	0.0126152	0.00777024	0.00441667	0.00227391	0.00103708	0.000408482	0.000135037	3.62856e-05	7.64303e-06	1.35945e-06	
598087	0.00236813	0.020668	0.0545609	0.0955268	0.130881	0.148974	0.14489	0.122654	0.0921527	0.0631907	0.0411697	0.026694	0.0178216	0.0123297	0.00869923	0.00612375	0.00422495	0.00282189	0.00180932	0.00110703	0.000643483	0.000353926	0.000183269	8.86331e-05	3.95404e-05	1.59922e-05	5.73882e-06	1.78212e-06	4.65686e-07	9.92389e-08	1.66449e-08	2.3034e-09	
608087	2.49329e-06	3.0745e-05	0.000122874	0.000351075	0.000850804	0.00186093	0.00376591	0.0071214	0.0126516	0.0211803	0.0334018	0.0494496	0.0683548	0.0876079	0.103323	0.111609	0.11058	0.10108	0.0856638	0.067462	0.0495224	0.0340895	0.0221117	0.0134761	0.00761742	0.00391374	0.0017847	0.000703627	0.000233008	6.27525e-05	1.32519e-05	2.36435e-06	
618087	3.95281e-06	4.38733e-05	0.00015742	0.000407525	0.00090902	0.00185768	0.00354518	0.00633409	0.0105862	0.0165823	0.0244989	0.0344557	0.046537	0.0606101	0.0758807	0.0904639	0.101524	0.106265	0.103228	0.0928956	0.0772604	0.0589419	0.0406123	0.0247239	0.0129842	0.00575411	0.00211308	0.000634462	0.000154305	3.01121e-05	4.63334e-06	5.88431e-07	
628087	2.9702e-08	3.56166e-07	1.39305e-06	3.96799e-06	9.91241e-06	2.35004e-05	5.4945e-05	0.000128138	0.000295552	0.000662317	0.0014179	0.00287017	0.0054799	0.00990688	0.0170788	0.0282419	0.0448636	0.0682049	0.0982371	0.131223	0.156481	0.158275	0.129257	0.082607	0.0411335	0.0163097	0.00533486	0.00147595	0.000344327	6.59624e-05	9.99246e-06	1.23648e-06	
638087	3.26767e-07	4.32395e-06	1.82666e-05	5.4529e-05	0.000137121	0.000311661	0.000664876	0.00136354	0.00272881	0.00535943	0.0102802	0.0189791	0.0330168	0.0528724	0.0763789	0.0984067	0.113251	0.117972	0.113191	0.101249	0.0845565	0.0653642	0.0460713	0.0290884	0.0161639	0.00778108	0.00320247	0.00111454	0.000324131	7.7377e-05	1.47399e-05	2.39679e-06	
648087	1.66589e-05	0.000183162	0.000648498	0.00164013	0.00352216	0.00682505	0.0121989	0.020227	0.0311055	0.0443269	0.058584	0.0720186	0.0827283	0.0892995	0.0911371	0.0884969	0.0822483	0.0734949	0.0632597	0.0523724	0.0415026	0.0312235	0.0220474	0.0144064	0.00857093	0.00456003	0.00212653	0.000849735	0.000283457	7.65933e-05	1.61889e-05	2.88629e-06	
658087	3.76358e-05	0.000459882	0.00177274	0.00473746	0.010376	0.0197874	0.0337331	0.0520369	0.0730332	0.0934397	0.10898	0.11577	0.111987	0.0988755	0.0802359	0.0606087	0.0434198	0.0301774	0.0207756	0.0143056	0.00978592	0.00652888	0.0041598	0.00248261	0.00136286	0.000675374	0.000295954	0.000112036	3.56731e-05	9.26395e-06	1.89344e-06	3.27213e-07	
668087	8.59614e-07	2.5104e-05	0.000167232	0.000665241	0.00199293	0.00493747	0.0105938	0.0201825	0.034615	0.0538319	0.0761297	0.0979108	0.114335	0.121002	0.11602	0.101146	0.0808996	0.0601355	0.0420068	0.027654	0.0170413	0.00971193	0.00505705	0.00238206	0.00100652	0.000378223	0.000125022	3.58047e-05	8.69977e-06	1.74449e-06	2.78826e-07	3.70471e-08	
678087	9.61098e-07	1.08828e-05	3.946e-05	0.000101367	0.000219666	0.00042984	0.000785825	0.00136944	0.00230615	0.00379292	0.00614769	0.00989155	0.0158647	0.0253371	0.0399506	0.0610615	0.0879109	0.115174	0.133214	0.134049	0.117999	0.0924799	0.0654549	0.0419032	0.0240412	0.0121905	0.00538271	0.00203646	0.000646694	0.000167672	3.42767e-05	5.93619e-06	
688087	1.03488e-06	1.25608e-05	4.93102e-05	0.000138591	0.00033196	0.000724289	0.00148503	0.002906	0.00546808	0.00992254	0.0173664	0.0292492	0.0471534	0.0720258	0.102477	0.13244	0.150642	0.146001	0.117795	0.0788629	0.0448254	0.0225334	0.0103966	0.00447162	0.00178318	0.000648831	0.000211181	6.01178e-05	1.45814e-05	2.92144e-06	4.66263e-07	6.17863e-08	
698087	1.19075e-06	1.35843e-05	4.98035e-05	0.000130205	0.000290077	0.000591538	0.00114448	0.00213944	0.00388945	0.00686357	0.0116733	0.018964	0.029193	0.0423539	0.0578069	0.0743665	0.0904669	0.104016	0.112209	0.112172	0.102494	0.0844973	0.0621273	0.0403507	0.0230037	0.0114814	0.00500779	0.00189371	0.000608503	0.00016087	3.36118e-05	5.95571e-06	
708087	5.85453e-07	1.26222e-05	9.54918e-05	0.000477063	0.00180098	0.00545633	0.0136862	0.0289038	0.0519028	0.0798375	0.106107	0.123402	0.127741	0.119665	0.102508	0.0807304	0.0588485	0.0400945	0.0257183	0.0155416	0.00881221	0.00466297	0.00228991	0.00103737	0.000430318	0.000161817	5.43748e-05	1.59994e-05	4.01289e-06	8.29975e-07	1.36212e-07	1.8512e-08	
718087	0.000422952	0.00440548	0.0141019	0.0305553	0.0531137	0.0788658	0.102793	0.118971	0.122871	0.113814	0.0956187	0.0743822	0.0551076	0.039946	0.0287758	0.0206514	0.0147132	0.0103737	0.00722275	0.00494967	0.00331753	0.00215319	0.00133531	0.000778764	0.000419603	0.000204834	8.86651e-05	3.32244e-05	1.04882e-05	2.70378e-06	5.49178e-07	9.43482e-08	
728087	1.32035e-06	3.385e-05	0.000236232	0.0010298	0.00337633	0.00898319	0.0201488	0.0388166	0.0646211	0.0928852	0.115326	0.12479	0.119851	0.104632	0.0851429	0.0660382	0.0495913	0.0362786	0.0257605	0.0175592	0.0113157	0.00678028	0.00371578	0.00183375	0.000803322	0.000308322	0.000102413	2.90651e-05	6.93725e-06	1.3624e-06	2.13588e-07	2.78962e-08	
738087	8.23661e-05	0.000954286	0.00346582	0.00876412	0.0184117	0.0342729	0.0577869	0.0881557	0.119903	0.142497	0.145492	0.126929	0.0956311	0.0638632	0.0392086	0.0230327	0.0133858	0.00782481	0.00458883	0.0026621	0.00150353	0.000815668	0.000420088	0.000202843	9.04348e-05	3.65387e-05	1.3089e-05	4.05559e-06	1.05727e-06	2.24797e-07	3.76259e-08	5.19601e-09	
748087	4.84706e-07	6.43719e-06	2.71226e-05	8.0389e-05	0.000200082	0.0004492	0.000946055	0.00191744	0.00378666	0.00724368	0.0131604	0.022279	0.0347497	0.0496325	0.0648217	0.077979	0.0877944	0.0941758	0.0972984	0.0967254	0.0914731	0.0808787	0.0655754	0.0478252	0.0308086	0.0172292	0.00822112	0.00328598	0.00107766	0.000283131	5.79263e-05	9.9875e-06	
758087	1.31632e-05	0.000196356	0.00106127	0.00396801	0.0113778	0.0261702	0.0496309	0.0790044	0.106909	0.124469	0.126711	0.115265	0.0958699	0.0743526	0.0547772	0.0392314	0.0279716	0.0200756	0.0144192	0.0102241	0.00706318	0.00469923	0.00297567	0.00176958	0.000973035	0.000485873	0.000215764	8.3173e-05	2.70633e-05	7.19778e-06	1.50816e-06	2.68072e-07	
768087	3.41232e-06	3.82561e-05	0.000137043	0.000346964	0.000739244	0.00141974	0.00254765	0.00437195	0.00729221	0.0119185	0.0190462	0.0294271	0.0432785	0.0597558	0.0769024	0.0921546	0.102842	0.106662	0.10264	0.0918714	0.0768798	0.0602796	0.0440904	0.0297509	0.0182182	0.00992518	0.00470779	0.00190047	0.000637067	0.000172444	3.64713e-05	6.50855e-06	
778087	0.000206592	0.00237651	0.00872807	0.0219177	0.0436161	0.0722241	0.101651	0.123072	0.129467	0.119805	0.0993952	0.0761149	0.0558915	0.0408104	0.0301824	0.0225234	0.0167174	0.0121786	0.00862124	0.00587331	0.00380764	0.00231952	0.00131027	0.000677106	0.000315633	0.000130752	4.73556e-05	1.47234e-05	3.84662e-06	8.22911e-07	1.39604e-07	1.97689e-08	
788087	2.20173e-05	0.000311582	0.00145192	0.00474192	0.0124967	0.0277728	0.0528735	0.0864994	0.121212	0.144845	0.147533	0.129077	0.0987404	0.0678224	0.0431481	0.026159	0.0154056	0.00888799	0.00503723	0.00280953	0.00154153	0.000826275	0.000426344	0.000207631	9.34233e-05	3.8009e-05	1.36753e-05	4.24792e-06	1.10902e-06	2.3601e-07	3.95264e-08	5.46108e-09	
798087	2.26562e-05	0.000243759	0.000835609	0.00202392	0.00413648	0.00765906	0.0133186	0.0221685	0.0355326	0.0544439	0.0783013	0.103436	0.123242	0.130812	0.122939	0.102424	0.076318	0.0516028	0.0321641	0.0187015	0.0101944	0.00520318	0.00247721	0.00109715	0.000450798	0.000170395	5.8158e-05	1.74327e-05	4.44115e-06	9.28476e-07	1.53398e-07	2.09417e-08	
808087	4.65746e-06	5.15622e-05	0.000183477	0.000464267	0.000993612	0.00192067	0.00345665	0.0058813	0.00953985	0.0148338	0.022208	0.0320929	0.0446797	0.059463	0.0748835	0.0886834	0.0988844	0.104307	0.104126	0.0973925	0.0836431	0.0643227	0.0432528	0.0249724	0.0122427	0.00507143	0.00177069	0.000518323	0.000125695	2.47541e-05	3.84649e-06	4.90666e-07	
818087	2.02597e-07	2.47513e-06	1.03253e-05	3.37009e-05	0.000104422	0.000322904	0.000982283	0.00283554	0.00748912	0.0175247	0.0353371	0.0601681	0.0860358	0.104945	0.112981	0.111603	0.104118	0.0928672	0.07896	0.0632847	0.0471909	0.0323445	0.0201571	0.0113046	0.00563743	0.00246007	0.000920058	0.000287896	7.35154e-05	1.49445e-05	2.35645e-06	3.02731e-07	
828087	2.0732e-06	5.33005e-05	0.00033587	0.00134381	0.00416409	0.0106447	0.0229973	0.0424688	0.0675183	0.0930493	0.112161	0.119752	0.115167	0.101837	0.0846729	0.0674572	0.0518946	0.03832	0.0267865	0.017492	0.0105816	0.00590443	0.00302938	0.00142228	0.000605978	0.000231424	7.79592e-05	2.27173e-05	5.59413e-06	1.13175e-06	1.818e-07	2.42123e-08	
838087	3.33403e-08	6.23355e-07	3.44604e-06	1.2871e-05	3.93558e-05	0.000106704	0.000267545	0.000634725	0.00143744	0.00310074	0.00631671	0.0120423	0.0213773	0.0353469	0.0545503	0.0783758	0.103705	0.124299	0.132919	0.126051	0.106467	0.0804834	0.0541356	0.0318592	0.0160966	0.00689057	0.0024862	0.000755379	0.000192262	4.02647e-05	6.70926e-06	9.27331e-07	
848087	3.97324e-07	5.76712e-06	2.93142e-05	0.000106104	0.000312475	0.000789577	0.00176401	0.0035554	0.00656804	0.0112872	0.0183192	0.0284526	0.0425132	0.0606751	0.0813699	0.100877	0.114567	0.118989	0.113075	0.0981436	0.0773297	0.0547261	0.0342822	0.018685	0.00870068	0.00340227	0.00110214	0.000293611	6.4265e-05	1.15465e-05	1.68046e-06	2.06703e-07	
858087	1.49573e-05	0.00016014	0.000554471	0.00138172	0.00295408	0.0057681	0.0105193	0.0179963	0.0287524	0.042526	0.0577041	0.0715098	0.0812666	0.0858395	0.0858465	0.0826512	0.0774175	0.0708747	0.0634424	0.0553446	0.0466964	0.0376405	0.0285108	0.0199006	0.0125293	0.00695581	0.00332533	0.0013355	0.000439111	0.000115043	2.3328e-05	3.95859e-06	
868087	9.72595e-06	0.000122851	0.000464257	0.00117925	0.00242207	0.0043433	0.00709589	0.0108691	0.0159404	0.0226976	0.0315404	0.0425985	0.0553725	0.0686064	0.0806044	0.0897805	0.0949817	0.0954424	0.0907322	0.0810117	0.0673605	0.051727	0.0364034	0.0233086	0.0134728	0.00695907	0.00316529	0.00124193	0.00040936	0.000109819	2.31166e-05	4.11113e-06	
878087	1.35373e-05	0.000199784	0.000942012	0.00306158	0.00801471	0.0178276	0.0344337	0.0582712	0.0866872	0.113483	0.13082	0.133061	0.120028	0.0969758	0.0712595	0.0485537	0.0312882	0.0193642	0.0115948	0.00670753	0.00372118	0.0019614	0.000973744	0.000451492	0.000193481	7.55183e-05	2.63207e-05	7.99173e-06	2.05354e-06	4.32154e-07	7.17877e-08	9.8501e-09	
888087	0.00267608	0.00980203	0.0147192	0.0195182	0.024859	0.0304902	0.0361068	0.041547	0.0467512	0.0516815	0.0562619	0.060346	0.0637127	0.0660828	0.0671497	0.0666226	0.0642796	0.0600272	0.0539568	0.0463836	0.0378466	0.0290541	0.0207701	0.0136618	0.00815324	0.00434317	0.00202611	0.000809581	0.000270008	7.29388e-05	1.54114e-05	2.74654e-06	
898087	0.00725059	0.027282	0.0363818	0.0388978	0.0393964	0.0397385	0.0405846	0.042146	0.0444181	0.0472499	0.0503839	0.0534937	0.0562208	0.0582037	0.0591028	0.0586253	0.0565593	0.0528163	0.0474745	0.0408107	0.0332991	0.0255629	0.0182742	0.01202	0.0071734	0.0038212	0.0017826	0.00071228	0.000237556	6.41724e-05	1.35591e-05	2.41645e-06	
908087	0.00628883	0.0225643	0.028908	0.030553	0.0317461	0.0337721	0.0367326	0.0403932	0.0444639	0.0486755	0.0527803	0.0565294	0.0596546	0.0618649	0.0628612	0.0623669	0.0601733	0.0561924	0.0505097	0.0434203	0.0354286	0.0271979	0.0194432	0.012789	0.0076324	0.00406574	0.0018967	0.000757878	0.000252766	6.8282e-05	1.44277e-05	2.57127e-06	
918087	0.0020811	0.00807806	0.0130955	0.0184487	0.0242734	0.0302153	0.0360383	0.0416411	0.04698	0.0520135	0.0566642	0.0607922	0.0641852	0.0665701	0.0676423	0.0671099	0.0647493	0.0604658	0.0543511	0.0467227	0.0381233	0.0292666	0.0209221	0.0137619	0.00821298	0.00437502	0.00204098	0.000815529	0.000271994	7.34759e-05	1.55251e-05	2.76684e-06	
928087	6.18007e-05	0.00105796	0.00391149	0.00883167	0.0155175	0.0235488	0.0326237	0.0425276	0.0529677	0.0634351	0.0731641	0.081193	0.086505	0.088228	0.0858585	0.0794487	0.0696799	0.0577605	0.0451539	0.0332247	0.0229499	0.0148073	0.00884265	0.00481954	0.00235371	0.00100821	0.000370182	0.000113746	2.85339e-05	5.6956e-06	8.8044e-07	1.1046e-07	
938087	1.52497e-05	0.000163251	0.000559732	0.00135693	0.00275829	0.00501134	0.00838749	0.0131479	0.0194974	0.0275325	0.0371877	0.0481824	0.0599702	0.0717047	0.0822502	0.09027	0.0944192	0.0936355	0.087485	0.0764513	0.0620055	0.0463185	0.0316461	0.0196525	0.0110238	0.00554022	0.00246334	0.000950571	0.000310071	8.27469e-05	1.73916e-05	3.0969e-06	
948087	1.79801e-05	0.000202447	0.000725243	0.00182535	0.00383445	0.00717706	0.0123457	0.0198417	0.030079	0.0432567	0.0591892	0.0770268	0.0947826	0.108918	0.114974	0.110035	0.0952314	0.0751768	0.054865	0.0374265	0.023959	0.0143313	0.00792176	0.00398864	0.00180195	0.000719489	0.000249835	7.40289e-05	1.82872e-05	3.66037e-06	5.74024e-07	7.3439e-08	
958087	1.00007e-07	1.43206e-06	6.85218e-06	2.44944e-05	7.75732e-05	0.000230233	0.000652345	0.00176278	0.00447046	0.0103699	0.0214245	0.0386943	0.0607774	0.0837741	0.103135	0.115342	0.118378	0.111979	0.0978998	0.0793059	0.0594997	0.0410588	0.0256918	0.0142975	0.00692794	0.00286407	0.000991888	0.000283203	6.5709e-05	1.2208e-05	1.78329e-06	2.14811e-07	
968087	7.30982e-06	9.86015e-05	0.000406097	0.00113761	0.00258954	0.00513436	0.00917736	0.0150844	0.0230987	0.0332708	0.0453932	0.0588659	0.072453	0.0841841	0.091908	0.094378	0.0917495	0.0849601	0.0750131	0.0629248	0.0498874	0.0371679	0.0258449	0.0166172	0.0097535	0.00514003	0.00238304	0.000949092	0.000315985	8.5265e-05	1.79996e-05	3.20463e-06	
978087	2.55533e-05	0.000716833	0.00364158	0.0106956	0.0234152	0.0420704	0.0649195	0.0881339	0.106711	0.116215	0.114631	0.103283	0.0860774	0.0674522	0.0505577	0.0367938	0.026355	0.0188103	0.0134418	0.00953449	0.00659028	0.00434951	0.00269003	0.00153154	0.000788378	0.000360074	0.000142994	4.82896e-05	1.35228e-05	3.04994e-06	5.35301e-07	7.6908e-08	
988087	2.16129e-06	5.68351e-05	0.000318746	0.00108754	0.00288567	0.00652657	0.0130014	0.022989	0.0361811	0.0510408	0.0653281	0.0770311	0.0850055	0.0889306	0.0889029	0.085222	0.0784585	0.0694902	0.0593305	0.0488706	0.0387364	0.0293281	0.0209526	0.0139032	0.00841631	0.00455885	0.00216403	0.000879708	0.000298368	8.19333e-05	1.75925e-05	3.191e-06	
998087	4.96847e-06	0.000123738	0.00073403	0.00260736	0.00689625	0.0147339	0.0263202	0.0400391	0.0527896	0.0617878	0.0662472	0.0673973	0.0671424	0.0667574	0.0665329	0.06615	0.0650979	0.0628623	0.0590138	0.0533221	0.0458755	0.0371442	0.0279361	0.0192292	0.0119105	0.00651255	0.00307649	0.0012256	0.00040077	0.000104374	2.09323e-05	3.46557e-06	
1.00809e+06	0.00041811	0.00401672	0.0120734	0.0250679	0.0427135	0.0637343	0.0857203	0.105149	0.117877	0.120418	0.111704	0.0940974	0.0724568	0.051715	0.0348543	0.0225838	0.0142526	0.00882316	0.00536556	0.00318941	0.00183258	0.00100327	0.000515967	0.000246133	0.000107584	4.24951e-05	1.49065e-05	4.54188e-06	1.16984e-06	2.467e-07	4.10635e-08	5.64635e-09	
1.01809e+06	8.99076e-07	1.01986e-05	3.70962e-05	9.59328e-05	0.000210783	0.000423391	0.000809031	0.00150638	0.00276803	0.0050343	0.0090211	0.0157855	0.0266712	0.04293	0.064792	0.0901766	0.114091	0.129888	0.132121	0.119324	0.0951437	0.0667678	0.041263	0.0225519	0.0109771	0.00479489	0.00188391	0.000658973	0.000200009	5.07389e-05	1.02977e-05	1.78735e-06	
1.02809e+06	2.36113e-07	3.63666e-06	1.75313e-05	5.88861e-05	0.000164835	0.000412912	0.000958949	0.00210281	0.00438593	0.00869541	0.0162891	0.0285927	0.0466245	0.0700278	0.0960185	0.11907	0.132286	0.130536	0.113814	0.0878462	0.0606154	0.0379397	0.0218424	0.0116638	0.00577697	0.00262924	0.0010798	0.000390127	0.000120234	3.05181e-05	6.13482e-06	1.04518e-06	
1.03809e+06	5.87917e-06	7.13008e-05	0.000278581	0.000773875	0.00181338	0.0038188	0.00743409	0.0135475	0.0232001	0.0372563	0.0557565	0.0771215	0.0977841	0.11292	0.1183	0.112325	0.0969433	0.0767321	0.0565787	0.0395921	0.0266606	0.017343	0.010833	0.00640952	0.00352504	0.00176291	0.00078289	0.00030093	9.73427e-05	2.56714e-05	5.3234e-06	9.33611e-07	
1.04809e+06	1.78634e-05	0.000220962	0.0008768	0.00243723	0.0055838	0.0111699	0.0200029	0.0324469	0.0479535	0.0647761	0.0801617	0.0911169	0.0955171	0.0930479	0.0853495	0.0750837	0.0645339	0.0548034	0.0459834	0.0377747	0.0299717	0.022634	0.0160317	0.0104925	0.00624564	0.00332269	0.00154904	0.000618739	0.000206315	5.57244e-05	1.17727e-05	2.09781e-06	
1.05809e+06	5.61604e-05	0.000584374	0.0019221	0.00441394	0.00841073	0.0142062	0.0219577	0.0316095	0.0428387	0.0550345	0.067301	0.0784736	0.0871746	0.0919855	0.0918463	0.0866087	0.0772874	0.0656041	0.0531757	0.0410995	0.0300769	0.0206264	0.0131031	0.00761569	0.00399553	0.00186409	0.000760518	0.000266223	7.82108e-05	1.87787e-05	3.56769e-06	5.72647e-07	
1.06809e+06	1.88975e-05	0.000221756	0.000789616	0.00190227	0.00371555	0.00633813	0.0098347	0.0142575	0.0196876	0.0262522	0.034086	0.0432333	0.0535204	0.0644452	0.0751211	0.0843059	0.0905446	0.0924526	0.0891181	0.0805088	0.0676788	0.052587	0.0375272	0.0244273	0.0143771	0.00755824	0.00348999	0.00138504	0.000460121	0.00012405	2.61885e-05	4.66564e-06	
1.07809e+06	6.2349e-06	6.89717e-05	0.000243426	0.000606213	0.00126794	0.00238355	0.00416495	0.00689318	0.0109194	0.0166355	0.0244006	0.0344327	0.0466769	0.060641	0.0752245	0.0886589	0.0986959	0.10309	0.100361	0.0905948	0.0756482	0.0584074	0.0416347	0.0272447	0.016187	0.00859688	0.00400361	0.00159837	0.000532874	0.000143919	3.04039e-05	5.41732e-06	
1.08809e+06	2.09075e-06	2.40323e-05	8.90264e-05	0.000235678	0.000532036	0.00109804	0.00214336	0.00402243	0.00728992	0.012705	0.021114	0.0331764	0.0489754	0.0676074	0.0869117	0.103604	0.114024	0.115342	0.106746	0.0900441	0.0691327	0.0483826	0.0309662	0.0181665	0.00974907	0.00474389	0.00205963	0.000780174	0.000250733	6.61309e-05	1.3773e-05	2.43299e-06	
1.09809e+06	3.70169e-07	4.38605e-06	1.67029e-05	4.52408e-05	0.000103819	0.000216245	0.000423572	0.000797793	0.00146931	0.00268367	0.00491424	0.00905668	0.0166677	0.0300005	0.0512405	0.0803771	0.112589	0.138229	0.147423	0.136211	0.108967	0.0754182	0.0450233	0.0230201	0.00998208	0.00364145	0.00111512	0.000287643	6.26531e-05	1.14222e-05	1.69622e-06	2.12379e-07	
1.10809e+06	6.56449e-08	1.60788e-06	1.02282e-05	4.26392e-05	0.000143191	0.000416895	0.00108567	0.00256678	0.00555295	0.0110461	0.0202766	0.0344411	0.0541889	0.0787698	0.104935	0.126407	0.135545	0.127709	0.105252	0.0765237	0.0501641	0.0304583	0.017415	0.00933634	0.00459386	0.00201795	0.000769677	0.00024798	6.55942e-05	1.38192e-05	2.24378e-06	2.93454e-07	
1.11809e+06	3.52816e-06	4.08004e-05	0.00015573	0.000440513	0.00110693	0.0026213	0.00591022	0.0125496	0.0246538	0.0439871	0.0700767	0.0983542	0.120767	0.129989	0.124004	0.106611	0.0840867	0.0617951	0.0428285	0.0282316	0.0178041	0.0107907	0.00629578	0.00351855	0.00185717	0.000905356	0.000396693	0.000151697	4.90834e-05	1.29963e-05	2.71334e-06	4.80838e-07	
1.12809e+06	2.85515e-07	8.52998e-06	6.23011e-05	0.000279257	0.000960187	0.00276276	0.00691096	0.0152623	0.02986	0.0516177	0.0784609	0.104474	0.121891	0.125474	0.115694	0.0976582	0.0772089	0.05811	0.0418679	0.0287903	0.018754	0.0114594	0.0064931	0.00336846	0.00157777	0.00065685	0.000238607	7.39872e-05	1.9083e-05	3.97282e-06	6.44856e-07	8.51358e-08	
1.13809e+06	4.67979e-07	6.07849e-06	2.60254e-05	8.14764e-05	0.000221859	0.000558864	0.00133148	0.00301326	0.00645215	0.0129709	0.0242373	0.041601	0.0647555	0.0903509	0.11218	0.124006	0.123145	0.111333	0.0925883	0.0710478	0.050178	0.0324743	0.0191635	0.0102408	0.00490323	0.00207097	0.000756029	0.000232833	5.88934e-05	1.18879e-05	1.85577e-06	2.3341e-07	
