1311	0.00696841	0.0229811	0.0418609	0.0623577	0.0824666	0.0996028	0.11106	0.114706	0.109724	0.097056	0.0792795	0.0598313	0.0418968	0.0274944	0.0171872	0.0104414	0.00627115	0.00375144	0.00222743	0.00130048	0.000739192	0.000405069	0.000211532	0.000103707	4.68805e-05	1.91492e-05	6.91425e-06	2.15441e-06	5.6394e-07	1.20278e-07	2.01815e-08	2.79321e-09	
11311	1.94334e-06	3.67358e-05	0.000185772	0.000605186	0.00156087	0.00346047	0.00686713	0.0124711	0.0209906	0.032977	0.0485191	0.0668816	0.0861879	0.103363	0.114627	0.116695	0.108339	0.0913351	0.0698807	0.0486633	0.0309644	0.0180258	0.00957194	0.00461308	0.00200922	0.000786282	0.000272653	8.1797e-05	2.05999e-05	4.2116e-06	6.73928e-07	8.79267e-08	
21311	3.48824e-06	5.2141e-05	0.000264606	0.000975018	0.0030515	0.00862839	0.0221079	0.0488992	0.0884663	0.127729	0.14833	0.142779	0.119142	0.0907603	0.0657375	0.0460637	0.0313583	0.0208477	0.013627	0.00876514	0.00549858	0.00330916	0.00187331	0.000977724	0.00046128	0.000192832	6.99363e-05	2.1507e-05	5.46822e-06	1.11768e-06	1.7797e-07	2.3087e-08	
31311	0.000424546	0.00644224	0.0302254	0.0900257	0.177607	0.232425	0.206297	0.130901	0.0653465	0.0293275	0.0133961	0.0066947	0.00375208	0.00233469	0.00156187	0.00108359	0.000757244	0.000522088	0.000349956	0.000225532	0.000138429	8.02015e-05	4.34531e-05	2.1784e-05	9.97691e-06	4.10944e-06	1.49344e-06	4.68065e-07	1.23191e-07	2.64058e-08	4.45024e-09	6.18575e-10	
41311	8.63962e-06	0.000130895	0.000565817	0.00166934	0.0042007	0.00983415	0.0214998	0.0415735	0.0670761	0.088844	0.0991597	0.0979596	0.0902635	0.0806358	0.0712814	0.0628402	0.055266	0.0482336	0.0413613	0.0344137	0.0274314	0.020704	0.0146274	0.00955034	0.00567356	0.00300973	0.00139494	0.00055117	0.000180677	4.76737e-05	9.7878e-06	1.6833e-06	
51311	4.07365e-05	0.000448788	0.00175134	0.00538923	0.0152681	0.0397184	0.0850921	0.134529	0.156614	0.147648	0.123799	0.0960723	0.0694062	0.0469371	0.0302052	0.0188779	0.0116227	0.00706944	0.00422204	0.00245451	0.00137985	0.000746138	0.000385059	0.00018716	8.41284e-05	3.42366e-05	1.23295e-05	3.83416e-06	1.00208e-06	2.13466e-07	3.5783e-08	4.94835e-09	
61311	1.2767e-05	0.000213751	0.00139598	0.0059885	0.020038	0.0534479	0.107713	0.156773	0.167448	0.143893	0.110401	0.0802566	0.0561625	0.0376552	0.0240547	0.0146622	0.00860948	0.0049454	0.00282024	0.00160656	0.000908261	0.000501307	0.000264667	0.000130958	5.95571e-05	2.4412e-05	8.83194e-06	2.75527e-06	7.2181e-07	1.54041e-07	2.58586e-08	3.58044e-09	
71311	5.87045e-05	0.00245162	0.0406187	0.240852	0.291097	0.204608	0.117172	0.0537135	0.0222234	0.00979525	0.0052392	0.00338523	0.00243685	0.0018308	0.0013838	0.00103045	0.000745846	0.00051965	0.000345858	0.000218528	0.000130405	7.31566e-05	3.83885e-05	1.87109e-05	8.38128e-06	3.39738e-06	1.22123e-06	3.79899e-07	9.94538e-08	2.12319e-08	3.56702e-09	4.94428e-10	
81311	1.87607e-05	0.00225455	0.0749587	0.351585	0.30245	0.130353	0.0549353	0.0257559	0.014912	0.00993416	0.00720875	0.005554	0.00445796	0.00365476	0.00300163	0.00243073	0.00191945	0.00146806	0.00108339	0.000769305	0.000523651	0.000339415	0.000207329	0.000117705	6.10874e-05	2.84485e-05	1.16463e-05	4.09563e-06	1.20521e-06	2.87942e-07	5.39399e-08	8.42075e-09	
91311	0.000583263	0.0216087	0.18377	0.468641	0.265616	0.0470371	0.0073794	0.00216874	0.00104038	0.000634547	0.00043216	0.000310082	0.000227352	0.000167164	0.000121827	8.73907e-05	6.14374e-05	4.21866e-05	2.81844e-05	1.82199e-05	1.13082e-05	6.6701e-06	3.69376e-06	1.89407e-06	8.85599e-07	3.71127e-07	1.36704e-07	4.3281e-08	1.14777e-08	2.47444e-09	4.18923e-10	5.84688e-11	
101311	0.000139231	0.0119332	0.140718	0.376033	0.246627	0.0982166	0.0521099	0.0289602	0.0165198	0.010073	0.00643961	0.00416775	0.00269003	0.00173865	0.00114042	0.000768704	0.000534414	0.000380179	0.000272465	0.000193334	0.000133713	8.89033e-05	5.60802e-05	3.31006e-05	1.80017e-05	8.86412e-06	3.87307e-06	1.46719e-06	4.69109e-07	1.2273e-07	2.53483e-08	4.44814e-09	
111311	0.00556842	0.050858	0.123245	0.222964	0.233487	0.129724	0.0673699	0.0455788	0.0348711	0.0261518	0.0188641	0.0133603	0.00939282	0.00650761	0.0043932	0.00288059	0.00184539	0.00116587	0.000730072	0.000451239	0.000271875	0.000157128	8.56955e-05	4.34098e-05	2.00949e-05	8.35196e-06	3.05549e-06	9.61898e-07	2.53877e-07	5.45143e-08	9.19817e-09	1.27968e-09	
121311	1.34588e-05	0.000951937	0.0196002	0.134079	0.221312	0.151196	0.0925769	0.0710584	0.0587256	0.0476881	0.0380306	0.0304638	0.0250283	0.0212568	0.0185143	0.0162308	0.0140214	0.0117126	0.00931216	0.00695196	0.00481585	0.00306322	0.00177232	0.000924712	0.000431245	0.000177853	6.39305e-05	1.96347e-05	5.02241e-06	1.03793e-06	1.6744e-07	2.20259e-08	
131311	0.000684261	0.0146986	0.0841827	0.266966	0.34579	0.193941	0.0645669	0.0176612	0.00557185	0.002347	0.00123202	0.000742532	0.000490069	0.000341504	0.000244045	0.000175277	0.000124829	8.72714e-05	5.93699e-05	3.89619e-05	2.44434e-05	1.45157e-05	8.06943e-06	4.14644e-06	1.94096e-06	8.13955e-07	2.99951e-07	9.49929e-08	2.51961e-08	5.43272e-09	9.19855e-10	1.28395e-10	
141311	0.00023649	0.00380785	0.0143914	0.0290519	0.0416851	0.0416491	0.0321465	0.0281472	0.0317134	0.0382144	0.0448223	0.050881	0.0566791	0.0622687	0.0669992	0.0698595	0.0700305	0.0671751	0.0614449	0.0533786	0.0437972	0.0336912	0.0240733	0.0157993	0.00939989	0.00499221	0.00232377	0.000927484	0.000309265	8.35656e-05	1.76625e-05	3.14812e-06	
151311	2.8463e-06	0.000414618	0.0064721	0.0313659	0.0802857	0.126438	0.128277	0.106757	0.0881904	0.0736302	0.0618395	0.0531015	0.0468681	0.04182	0.0368552	0.0315291	0.0259107	0.0203005	0.015043	0.0104424	0.00671647	0.00395704	0.00211166	0.00101022	0.000429258	0.00016064	5.24797e-05	1.47996e-05	3.54369e-06	7.03043e-07	1.11714e-07	1.4809e-08	
161311	1.69008e-05	0.000328985	0.00257277	0.016804	0.0794934	0.20248	0.258422	0.18906	0.101035	0.0518024	0.0293381	0.0184615	0.0126391	0.00923814	0.0070601	0.00552837	0.00435765	0.00340424	0.00259953	0.00191675	0.00134989	0.000898954	0.000560606	0.000324115	0.000171805	8.24032e-05	3.51792e-05	1.30914e-05	4.1369e-06	1.07534e-06	2.21493e-07	3.88435e-08	
171311	7.10646e-08	1.14947e-06	6.83984e-06	3.4587e-05	0.000156818	0.000591167	0.00174863	0.00407187	0.00794562	0.0140753	0.0238332	0.0388717	0.0598239	0.0847812	0.108791	0.125136	0.128345	0.117488	0.0968605	0.0728119	0.0501367	0.0313988	0.0176988	0.00892715	0.0040244	0.00161996	0.000578828	0.00018077	4.80353e-05	1.04721e-05	1.79521e-06	2.52593e-07	
181311	1.93526e-05	0.000227313	0.00087263	0.00259103	0.00648623	0.0125583	0.0196412	0.026913	0.0333511	0.0391916	0.0458269	0.0542821	0.0646445	0.0760325	0.0867601	0.0946085	0.0972557	0.0929719	0.0814755	0.0644905	0.0454305	0.028097	0.0150902	0.00699639	0.0028033	0.000978341	0.000300127	8.09648e-05	1.8905e-05	3.70305e-06	5.83992e-07	7.68799e-08	
191311	0.00032461	0.011717	0.0715488	0.186496	0.270111	0.237726	0.130869	0.0515306	0.0190959	0.00830172	0.00432818	0.00253882	0.00161522	0.0010971	0.000781686	0.000572059	0.000421652	0.000308088	0.00022039	0.000152773	0.000101656	6.43004e-05	3.82368e-05	2.10997e-05	1.0639e-05	4.81409e-06	1.91455e-06	6.53394e-07	1.86184e-07	4.29233e-08	7.72102e-09	1.14218e-09	
201311	0.000145546	0.00240924	0.0125645	0.0422929	0.10382	0.171558	0.191297	0.160114	0.11229	0.0733299	0.0473062	0.030294	0.0192369	0.0122281	0.00783038	0.00503096	0.00321804	0.00203756	0.00127004	0.000772645	0.000453512	0.000253723	0.000133744	6.56486e-05	2.95995e-05	1.20546e-05	4.34462e-06	1.3529e-06	3.54139e-07	7.55361e-08	1.26715e-08	1.75259e-09	
211311	2.08072e-06	4.61071e-05	0.000309636	0.00145599	0.0055198	0.0160309	0.0344948	0.0588689	0.0864289	0.112888	0.130934	0.133747	0.120271	0.0964923	0.0707876	0.0488056	0.0323108	0.0207643	0.0129595	0.00779944	0.00447735	0.00242419	0.00122525	0.000572443	0.000244636	9.44401e-05	3.24157e-05	9.69132e-06	2.45852e-06	5.12589e-07	8.46202e-08	1.15585e-08	
221311	4.81191e-06	0.000135006	0.000924724	0.00397336	0.0128203	0.0326485	0.0662076	0.106125	0.134076	0.137055	0.12082	0.0985208	0.0772016	0.0586876	0.0434432	0.031605	0.0228849	0.0166325	0.0121101	0.0087247	0.00610607	0.00406887	0.00253115	0.00144175	0.000737284	0.000331505	0.000128118	4.15149e-05	1.09757e-05	2.29829e-06	3.69106e-07	4.75022e-08	
231311	1.66142e-05	0.000212459	0.000861246	0.00248059	0.00607145	0.0133573	0.0266085	0.0474157	0.0743352	0.101078	0.118671	0.121859	0.11266	0.0968395	0.0791	0.0619273	0.0465201	0.0334625	0.0229382	0.0148654	0.0090149	0.005063	0.0026097	0.00122492	0.000519363	0.000196941	6.58959e-05	1.91115e-05	4.69639e-06	9.50567e-07	1.53077e-07	2.04746e-08	
241311	0.000148026	0.00160038	0.00547854	0.0130878	0.025844	0.044827	0.069964	0.0989471	0.126333	0.143683	0.142448	0.120524	0.0864742	0.0536227	0.0300941	0.016262	0.00890465	0.00503706	0.0029224	0.00170873	0.000987228	0.000552601	0.000294078	0.000146141	6.66243e-05	2.73492e-05	9.90408e-06	3.09175e-06	8.10323e-07	1.72985e-07	2.90449e-08	4.02228e-09	
251311	1.00467e-05	0.000243456	0.00139777	0.00511274	0.0140922	0.0301262	0.0504511	0.0680239	0.0783341	0.0836849	0.0880419	0.0911321	0.0899593	0.0831969	0.0724904	0.0606854	0.049699	0.0399664	0.0312325	0.0233301	0.0163671	0.0105936	0.00621579	0.00325138	0.00149292	0.000593221	0.000201283	5.75406e-05	1.36486e-05	2.63433e-06	4.03009e-07	5.10752e-08	
261311	0.000165861	0.00252294	0.0115091	0.0334584	0.073565	0.12659	0.166605	0.169048	0.139591	0.10016	0.066168	0.0419478	0.0261365	0.0162311	0.0101221	0.00633881	0.00396008	0.00244601	0.00148334	0.000879567	0.000507797	0.000283071	0.000150306	7.47184e-05	3.41251e-05	1.40404e-05	5.09598e-06	1.59407e-06	4.18553e-07	8.94935e-08	1.50473e-08	2.08668e-09	
271311	7.6591e-05	0.0032321	0.019282	0.0581027	0.118911	0.180315	0.202218	0.167632	0.108238	0.0601268	0.0322253	0.0181803	0.0110964	0.00717033	0.00474179	0.00313585	0.00204985	0.00131561	0.000824437	0.000501661	0.000294511	0.000165418	8.79075e-05	4.35949e-05	1.9851e-05	8.14833e-06	2.95302e-06	9.22891e-07	2.42161e-07	5.17458e-08	8.69475e-09	1.20483e-09	
281311	2.16317e-05	0.00058313	0.00461444	0.0199968	0.0564346	0.111619	0.157855	0.162871	0.131322	0.0933016	0.0654386	0.0473648	0.0350965	0.0263562	0.0200943	0.0156419	0.0124414	0.0100315	0.00808269	0.00640466	0.00491741	0.00360851	0.00249644	0.00160441	0.000942363	0.000496677	0.000230107	9.15463e-05	3.04525e-05	8.21434e-06	1.73443e-06	3.09044e-07	
291311	1.27804e-05	0.00113888	0.00785584	0.0219128	0.0363934	0.0428178	0.0416335	0.0404235	0.0444118	0.0535055	0.0654336	0.0777622	0.0877351	0.0924181	0.0898155	0.0800822	0.0657155	0.0502551	0.036435	0.0253247	0.0168227	0.0105156	0.00606292	0.00316327	0.00146786	0.000596044	0.000208384	6.16384e-05	1.51156e-05	2.99779e-06	4.6627e-07	5.9275e-08	
301311	0.000715121	0.0110368	0.0421089	0.0955127	0.152263	0.179927	0.167666	0.131293	0.0899538	0.0554506	0.0317743	0.017607	0.0098281	0.00569699	0.00345283	0.00215839	0.00136728	0.000866932	0.000545422	0.000337342	0.000202713	0.000116712	6.34247e-05	3.20309e-05	1.47898e-05	6.13381e-06	2.23991e-06	7.04057e-07	1.85582e-07	3.98058e-08	6.71024e-09	9.32749e-10	
311311	0.000328932	0.0143642	0.0640883	0.12694	0.156719	0.140916	0.108279	0.0854363	0.0738416	0.0647509	0.0534442	0.040323	0.0277368	0.0176062	0.0105423	0.00612182	0.0035433	0.00208204	0.00124438	0.000746593	0.000440699	0.000250809	0.000135148	6.78027e-05	3.11423e-05	1.28612e-05	4.68054e-06	1.46712e-06	3.85836e-07	8.26042e-08	1.39035e-08	1.92989e-09	
321311	8.17789e-07	1.90187e-05	0.000104538	0.000361012	0.000992611	0.00240929	0.0054518	0.011714	0.0235546	0.042942	0.0689639	0.096107	0.116251	0.123631	0.117889	0.102937	0.0840536	0.0653905	0.0489058	0.0349743	0.0235307	0.0146039	0.00821134	0.00412339	0.00183054	0.000713285	0.000242106	7.06623e-05	1.73496e-05	3.47502e-06	5.47257e-07	7.04452e-08	
331311	7.65436e-08	1.08702e-06	5.36845e-06	2.0304e-05	6.7845e-05	0.000205744	0.000563292	0.00137829	0.00300537	0.00589144	0.0105768	0.0177648	0.0283584	0.043168	0.0619888	0.0824884	0.100327	0.11114	0.112812	0.106036	0.0930803	0.0763452	0.0579413	0.039975	0.0245383	0.013112	0.0059774	0.00228407	0.000719917	0.00018392	3.71894e-05	6.45067e-06	
341311	1.65786e-05	0.000192834	0.000741879	0.00206573	0.0048601	0.0101257	0.0189815	0.0322065	0.0496204	0.0696611	0.0895436	0.105973	0.115932	0.117224	0.108992	0.0923601	0.0706571	0.0484805	0.0298323	0.0166106	0.00851863	0.00411149	0.00189787	0.000839825	0.00035163	0.000136043	4.72851e-05	1.43354e-05	3.67641e-06	7.71777e-07	1.27872e-07	1.74974e-08	
351311	3.1301e-05	0.000332641	0.00112234	0.00265938	0.00527078	0.00936279	0.0154508	0.0242233	0.0366247	0.0538008	0.0764377	0.102926	0.127123	0.139152	0.131655	0.106505	0.0739394	0.0448293	0.0244578	0.0124619	0.00613541	0.00297509	0.00141887	0.000653547	0.000283168	0.000112252	3.96363e-05	1.21379e-05	3.13355e-06	6.60875e-07	1.09872e-07	1.50783e-08	
361311	2.56788e-05	0.000424491	0.0021251	0.00664991	0.0154786	0.0289125	0.0451385	0.0605165	0.071454	0.0766535	0.0777118	0.0774586	0.0776363	0.0779044	0.0765587	0.0719426	0.0635433	0.0523145	0.0401444	0.0288741	0.0196009	0.0126105	0.00768178	0.0044005	0.00234123	0.00113718	0.000493756	0.000186959	5.99935e-05	1.57873e-05	3.28113e-06	5.79011e-07	
371311	6.83358e-08	8.77863e-07	3.73452e-06	1.16742e-05	3.2001e-05	8.24082e-05	0.000205809	0.000504551	0.00121217	0.00282319	0.00628181	0.013165	0.0256666	0.0460091	0.0748316	0.108678	0.13847	0.15228	0.142918	0.114202	0.0784518	0.0472774	0.0255565	0.0125353	0.00555263	0.00219092	0.000758687	0.000226943	5.73957e-05	1.19044e-05	1.94638e-06	2.6037e-07	
381311	2.81737e-06	3.20564e-05	0.000117578	0.000308363	0.000690478	0.00141685	0.00276143	0.00521199	0.00960726	0.0172787	0.0300366	0.0496591	0.0764938	0.107345	0.134248	0.14678	0.138336	0.111602	0.077179	0.046222	0.0244168	0.0116544	0.00515255	0.00214689	0.000845311	0.000310457	0.000103795	3.06295e-05	7.71098e-06	1.59748e-06	2.62052e-07	3.55463e-08	
391311	9.7279e-06	0.000109578	0.00039449	0.00100503	0.00216065	0.00420366	0.00766166	0.0132892	0.0219629	0.0342806	0.0499487	0.0674161	0.0841502	0.0973164	0.104405	0.10386	0.0957946	0.0822608	0.0664853	0.0513773	0.0384321	0.0278161	0.0192075	0.0123978	0.00732515	0.00388136	0.00180557	0.000720374	0.000240061	6.4819e-05	1.36918e-05	2.43951e-06	
401311	0.00010573	0.00120025	0.00430537	0.010696	0.0216978	0.0380847	0.0592303	0.0824024	0.102871	0.115374	0.116583	0.107009	0.0906189	0.0722669	0.0552531	0.0408408	0.0291613	0.0200315	0.0131979	0.00832574	0.00501488	0.00286673	0.00153954	0.000765932	0.000346964	0.000140295	4.95462e-05	1.49304e-05	3.74428e-06	7.60305e-07	1.21186e-07	1.58734e-08	
411311	4.86742e-07	7.3492e-06	3.5491e-05	0.000121753	0.000353462	0.000925435	0.00223899	0.00503592	0.0104962	0.0201191	0.035144	0.0554813	0.0787419	0.100436	0.115685	0.121198	0.116132	0.102018	0.0822433	0.060888	0.0413056	0.0254751	0.014126	0.00697942	0.00305971	0.00118798	0.000406259	0.000120503	3.01833e-05	6.16581e-06	9.8798e-07	1.29182e-07	
421311	1.51083e-07	2.57939e-06	1.34099e-05	4.81313e-05	0.000143415	0.000380481	0.00092729	0.002106	0.00448361	0.00895971	0.016776	0.0292964	0.0473497	0.0700798	0.0938949	0.112934	0.121838	0.118858	0.1062	0.0877923	0.0672819	0.0475028	0.0305342	0.0176059	0.00895642	0.00394856	0.00147984	0.000461738	0.000117203	2.35753e-05	3.64556e-06	4.50568e-07	
431311	0.000444579	0.00486058	0.0163341	0.0370129	0.0665561	0.100273	0.129099	0.143071	0.137128	0.114657	0.0851025	0.0577174	0.0371501	0.0235625	0.0151286	0.00997633	0.00679426	0.00476526	0.00340219	0.00243084	0.00170724	0.00115902	0.00074864	0.000452823	0.000252192	0.000126947	5.65645e-05	2.1787e-05	7.05972e-06	1.8653e-06	3.87662e-07	6.81924e-08	
441311	0.000150108	0.00157687	0.00533382	0.0126923	0.0249555	0.0428407	0.0656533	0.0905924	0.112718	0.126129	0.126423	0.113328	0.0913066	0.0670579	0.0458443	0.0297599	0.0185452	0.0111204	0.00642481	0.00359411	0.00195695	0.0010356	0.000526824	0.00025317	0.000112649	4.54434e-05	1.62525e-05	5.0281e-06	1.30912e-06	2.78064e-07	4.6505e-08	6.41778e-09	
451311	0.000596647	0.00577997	0.0169026	0.0331696	0.0518376	0.0680273	0.0762389	0.0743909	0.0660612	0.0572302	0.0515532	0.0493015	0.0491229	0.0496165	0.0498244	0.0491698	0.0473241	0.0441429	0.0396578	0.0340828	0.027806	0.0213442	0.0152575	0.0100352	0.00598859	0.00318991	0.00148803	0.000594549	0.000198281	5.35604e-05	1.13164e-05	2.01664e-06	
461311	0.000164672	0.00161534	0.00496802	0.0106066	0.0187589	0.0293983	0.0418653	0.0545135	0.0651314	0.071986	0.0745686	0.0736381	0.0706803	0.0670935	0.0635842	0.0601118	0.0562487	0.0515696	0.0458635	0.0391932	0.0318795	0.0244356	0.0174568	0.01148	0.00685117	0.00364998	0.00170305	0.000680652	0.000227072	6.13611e-05	1.29702e-05	2.31266e-06	
471311	2.34666e-07	3.64369e-06	1.83035e-05	6.53414e-05	0.000195707	0.000522121	0.00127449	0.00288579	0.00610604	0.0121111	0.022497	0.0389236	0.0621233	0.0903536	0.118253	0.137635	0.140882	0.125567	0.096972	0.065268	0.0389787	0.0211045	0.0104841	0.00476782	0.00196409	0.000723552	0.000235011	6.61693e-05	1.58088e-05	3.11927e-06	4.91365e-07	6.43998e-08	
481311	9.42175e-06	0.000107518	0.000392771	0.00101809	0.00223428	0.00444443	0.00825267	0.0144334	0.0237074	0.0362749	0.0512887	0.0667032	0.0798682	0.0886629	0.0923491	0.0914467	0.0869115	0.0795466	0.0700011	0.0589611	0.0472322	0.0357016	0.0252197	0.0164535	0.00977125	0.00519176	0.00241912	0.000966112	0.000322129	8.70033e-05	1.83803e-05	3.27506e-06	
491311	2.75789e-05	0.000355483	0.00144707	0.00411792	0.00966981	0.0197269	0.0354943	0.0565278	0.0798019	0.100149	0.112377	0.113863	0.105614	0.0910177	0.0738477	0.0570906	0.0425539	0.0308996	0.0220089	0.0154176	0.010601	0.00710194	0.00457511	0.0027839	0.00156752	0.00079923	0.000360735	0.000140649	4.60956e-05	1.231e-05	2.58477e-06	4.59958e-07	
501311	1.24052e-07	2.64312e-06	1.55607e-05	6.01078e-05	0.000186761	0.00050714	0.00125475	0.00289104	0.00626011	0.0127325	0.0241304	0.0420573	0.0664153	0.0938147	0.117626	0.130628	0.128676	0.112876	0.0889342	0.0639773	0.0429884	0.0275315	0.0169175	0.00986746	0.00534146	0.00261216	0.00112222	0.000411464	0.00012483	3.02856e-05	5.65538e-06	8.56939e-07	
511311	3.25479e-05	0.000382252	0.00157407	0.00479063	0.0119528	0.0249465	0.0439795	0.0662064	0.0865351	0.100719	0.107532	0.107671	0.101769	0.0904415	0.0752683	0.0586889	0.0430151	0.0297147	0.0193464	0.0118407	0.00678693	0.00362949	0.00180378	0.000828584	0.000348812	0.00013286	4.50059e-05	1.32717e-05	3.32053e-06	6.83638e-07	1.117e-07	1.51271e-08	
521311	5.10537e-06	8.57226e-05	0.000425916	0.0014008	0.00364612	0.00804235	0.0155239	0.026671	0.0411892	0.0575676	0.0732531	0.0854512	0.0922219	0.0931927	0.0893818	0.0823459	0.0734093	0.0634474	0.0530583	0.0427528	0.0330085	0.0242401	0.0167638	0.0107772	0.00633893	0.00334821	0.00155494	0.000619985	0.000206597	5.57976e-05	1.17909e-05	2.102e-06	
531311	2.49331e-06	2.94979e-05	0.000112065	0.000302285	0.000688588	0.00141558	0.00271045	0.00491378	0.00850624	0.0141129	0.0224547	0.0342079	0.0497277	0.0686016	0.089064	0.107542	0.119018	0.118976	0.106413	0.0852661	0.0621164	0.0421193	0.0270996	0.0165781	0.00948435	0.00494325	0.00228252	0.000908077	0.000302391	8.16579e-05	1.72539e-05	3.07476e-06	
541311	2.03886e-06	2.35915e-05	8.75332e-05	0.000230466	0.000512802	0.00103224	0.00194392	0.0034884	0.00602345	0.0100438	0.0161562	0.024968	0.0368675	0.0517237	0.0685993	0.0856135	0.100085	0.109037	0.110057	0.102334	0.0872841	0.0681456	0.0486342	0.0316251	0.018601	0.00977714	0.00451525	0.00179237	0.000595483	0.000160501	3.38616e-05	6.02616e-06	
551311	1.06253e-05	0.000167398	0.000770337	0.00241397	0.00612797	0.0131887	0.024348	0.0388572	0.0543246	0.0679366	0.0780325	0.0845094	0.0879471	0.0886446	0.0863888	0.0808511	0.0721587	0.0611659	0.0491796	0.0374334	0.0267913	0.0177913	0.0107633	0.00581268	0.00274674	0.00111485	0.000382338	0.000109287	2.5741e-05	4.93495e-06	7.5518e-07	9.67223e-08	
561311	2.8054e-06	3.91741e-05	0.000172766	0.00053282	0.00136684	0.00311198	0.00646997	0.0124339	0.0221737	0.0366742	0.0560874	0.0789527	0.101721	0.119194	0.126213	0.120114	0.102464	0.0785337	0.0545591	0.0348629	0.0208264	0.0117586	0.00627599	0.00313293	0.001436	0.000590736	0.000212729	6.53119e-05	1.66234e-05	3.40282e-06	5.41801e-07	7.00056e-08	
571311	1.16431e-06	1.98413e-05	9.66084e-05	0.000311452	0.000808175	0.00182669	0.00374451	0.0071262	0.0127664	0.0216757	0.0348961	0.0529969	0.075202	0.0984699	0.11739	0.125883	0.120511	0.103049	0.0795526	0.056452	0.03743	0.0233092	0.0135289	0.00721026	0.00347031	0.00148329	0.000553032	0.000176198	4.68115e-05	1.00758e-05	1.69935e-06	2.36145e-07	
581311	0.000287965	0.00262151	0.00741838	0.0144155	0.0228924	0.0318259	0.0401642	0.0471103	0.0523078	0.0558783	0.0583115	0.0602419	0.0621971	0.0644258	0.0668101	0.0687766	0.0692468	0.0668794	0.0607273	0.0509383	0.0388994	0.0266831	0.0162101	0.00859404	0.00392352	0.00152736	0.000504161	0.000140695	3.30212e-05	6.42282e-06	1.00552e-06	1.31854e-07	
591311	3.13756e-07	8.19557e-06	5.07317e-05	0.000199632	0.000615744	0.00159331	0.00355291	0.006943	0.0121043	0.0192127	0.0283077	0.0392723	0.0516959	0.0647348	0.077137	0.08746	0.0943665	0.0968715	0.0944592	0.0870844	0.0752106	0.0600018	0.0434453	0.0280002	0.0157423	0.0075636	0.00304037	0.000999955	0.000262746	5.37422e-05	8.31599e-06	1.01416e-06	
601311	5.9667e-08	1.05955e-06	6.10385e-06	2.49204e-05	8.50855e-05	0.000257882	0.000711657	0.00180764	0.00424128	0.00918779	0.0183223	0.0334798	0.0557103	0.083772	0.112816	0.13477	0.141548	0.129916	0.104098	0.0732164	0.045711	0.0257338	0.0133161	0.00644147	0.00292405	0.00122815	0.000465003	0.000153859	4.30236e-05	9.80724e-06	1.75219e-06	2.58191e-07	
611311	2.84033e-07	3.37333e-06	1.28913e-05	3.50829e-05	8.09963e-05	0.000169949	0.000335795	0.000638931	0.00119037	0.00220023	0.00407032	0.00754912	0.0139282	0.0251265	0.0432642	0.0692013	0.100171	0.128391	0.143547	0.139073	0.116947	0.0860279	0.0559337	0.0324315	0.0168573	0.00785928	0.00326764	0.00119347	0.000373229	9.65515e-05	1.98409e-05	3.47054e-06	
621311	2.58907e-05	0.000283734	0.000995262	0.00246989	0.00515169	0.0096292	0.0165851	0.0266201	0.0398874	0.0555809	0.071597	0.0849009	0.0927632	0.0940898	0.0897351	0.0816601	0.0718301	0.0615979	0.0516362	0.0421675	0.0332559	0.0250169	0.0176896	0.0115738	0.00689089	0.00366737	0.00171039	0.000683431	0.000227965	6.15937e-05	1.30175e-05	2.32066e-06	
631311	2.22154e-05	0.000255127	0.000931569	0.00238752	0.00510051	0.00969174	0.016882	0.0273721	0.0416242	0.0595452	0.0801094	0.100991	0.118344	0.127127	0.122799	0.104497	0.0772052	0.0494709	0.0279668	0.0144293	0.00706876	0.00338067	0.00158689	0.00072076	0.000309041	0.000121658	4.27665e-05	1.30578e-05	3.36397e-06	7.0835e-07	1.1762e-07	1.61239e-08	
641311	3.44774e-09	5.01273e-08	2.5951e-07	1.06651e-06	4.05415e-06	1.47019e-05	5.07455e-05	0.000165129	0.000501109	0.00140207	0.00357613	0.0082338	0.017002	0.0314133	0.0519977	0.077325	0.10352	0.124728	0.134788	0.129906	0.111026	0.0838863	0.0560853	0.0333219	0.0176532	0.00831169	0.00342811	0.00120758	0.000351793	8.18381e-05	1.46609e-05	2.13618e-06	
651311	2.41089e-05	0.000274512	0.00101078	0.00260097	0.00550071	0.0101719	0.0169317	0.0257485	0.0361222	0.0471922	0.0580053	0.067723	0.0756677	0.0812829	0.084111	0.0838321	0.0803581	0.0739173	0.065063	0.054596	0.0434474	0.0325582	0.0227635	0.0146799	0.00861288	0.00452375	0.002087	0.000827002	0.000274183	7.37581e-05	1.55375e-05	2.76174e-06	
661311	0.000229231	0.00229813	0.00729316	0.0161786	0.0297747	0.0483269	0.0706972	0.0935087	0.111323	0.118765	0.113692	0.0987098	0.0794018	0.0608528	0.0455202	0.0335571	0.0242477	0.0169775	0.0114087	0.00731879	0.00447365	0.00260492	0.00144323	0.000756973	0.000371645	0.000167775	6.80558e-05	2.41554e-05	7.28568e-06	1.8079e-06	3.55851e-07	5.94582e-08	
671311	4.318e-09	1.28536e-07	1.02518e-06	5.5567e-06	2.41929e-05	8.89761e-05	0.000283464	0.000796295	0.002	0.00453907	0.00937563	0.0176882	0.0304862	0.0478966	0.0683896	0.0885898	0.104231	0.111972	0.110856	0.10227	0.0886216	0.0721206	0.0546107	0.0379186	0.0237609	0.0132177	0.00640585	0.00264265	0.000901726	0.000245919	5.15209e-05	8.85399e-06	
681311	6.26399e-05	0.000645747	0.00210585	0.00480102	0.00909476	0.0152819	0.0234791	0.0334986	0.0447504	0.0562388	0.0667031	0.0748952	0.0799095	0.0814279	0.079759	0.0756314	0.0698407	0.0629511	0.0552282	0.0468049	0.0379149	0.029012	0.0207121	0.0136161	0.00812389	0.0043269	0.0020183	0.000806377	0.000268911	7.26348e-05	1.53455e-05	2.73442e-06	
691311	3.27212e-06	4.41238e-05	0.000188345	0.000564358	0.00141071	0.00312903	0.00630632	0.0116348	0.0196708	0.0304871	0.0434245	0.0571426	0.0699699	0.0803533	0.0872028	0.0900418	0.0889588	0.0844184	0.0770344	0.0674298	0.0562495	0.0442691	0.0324518	0.021837	0.0132761	0.00716838	0.00337323	0.00135422	0.000452537	0.000122291	2.583e-05	4.60007e-06	
701311	1.92037e-05	0.000240109	0.000936084	0.00252089	0.00558614	0.010892	0.0192711	0.0313685	0.0471762	0.0654789	0.0835818	0.0978314	0.105058	0.104108	0.0961404	0.0835645	0.0688463	0.0540087	0.0405222	0.0292307	0.0203546	0.0136696	0.00877852	0.00530905	0.00296622	0.00149937	0.000670646	0.000259069	8.41036e-05	2.22395e-05	4.62111e-06	8.11818e-07	
711311	2.44657e-05	0.000491335	0.0022133	0.0054257	0.00936174	0.0131097	0.0166611	0.0209061	0.0268184	0.034867	0.0449795	0.0566421	0.068862	0.0801245	0.0885659	0.0924411	0.0907451	0.0836472	0.0724529	0.0591091	0.0455447	0.0331773	0.0227707	0.014583	0.00857972	0.00454583	0.00212047	0.000849386	0.000284228	7.7029e-05	1.63194e-05	2.91455e-06	
721311	4.04309e-06	4.96745e-05	0.00021052	0.000705831	0.00207807	0.00521755	0.0111186	0.0207046	0.0348634	0.0540258	0.0769628	0.0998584	0.116991	0.123176	0.116579	0.0997835	0.078203	0.0571091	0.0395491	0.0262301	0.0166083	0.00989631	0.00544553	0.00271804	0.00121185	0.000475866	0.000162153	4.7129e-05	1.1444e-05	2.26434e-06	3.54238e-07	4.58089e-08	
731311	3.60729e-07	5.48807e-06	3.06341e-05	0.000126133	0.000426383	0.00122521	0.00305573	0.00671953	0.0131768	0.0232039	0.036816	0.0527117	0.0682871	0.0806239	0.0879794	0.0904903	0.0894173	0.0858246	0.0800211	0.0719305	0.0616741	0.0498726	0.0375986	0.0260898	0.0164062	0.00917171	0.0044553	0.00183227	0.000619773	0.000166995	3.45849e-05	5.9067e-06	
741311	2.33401e-05	0.000279546	0.00111204	0.00323318	0.00801455	0.017521	0.0337139	0.0567743	0.0837361	0.108735	0.124977	0.127758	0.117012	0.0972048	0.0744274	0.0533547	0.0362118	0.023401	0.0144297	0.00849537	0.00477047	0.0025434	0.00127584	0.000594807	0.000254271	9.82502e-05	3.37509e-05	1.00958e-05	2.5617e-06	5.3409e-07	8.81514e-08	1.20364e-08	
751311	3.44948e-05	0.000370076	0.00127708	0.00313975	0.00652177	0.0121345	0.0206439	0.0322902	0.0464627	0.0615346	0.0751867	0.085125	0.0898216	0.0889844	0.0836335	0.0756404	0.066807	0.0581147	0.0497052	0.0413912	0.0331232	0.0251341	0.017845	0.0116912	0.00696137	0.00370341	0.00172629	0.000689415	0.000229835	6.20635e-05	1.31087e-05	2.33519e-06	
761311	2.50806e-05	0.000273357	0.000951391	0.00233765	0.00482147	0.00891568	0.0152458	0.0244982	0.0373021	0.0539857	0.0741019	0.0956946	0.114678	0.125317	0.12275	0.10651	0.08167	0.0557771	0.0344692	0.0196539	0.0105484	0.00542864	0.00271254	0.00131477	0.000607997	0.000261224	0.000101276	3.44151e-05	9.9499e-06	2.36977e-06	4.48433e-07	7.18709e-08	
771311	3.20719e-05	0.00056006	0.00249638	0.00708325	0.0157633	0.0297483	0.0493287	0.0730874	0.0972573	0.115969	0.12348	0.117576	0.101017	0.079567	0.0586824	0.0414798	0.0286958	0.0197028	0.0134935	0.00919092	0.0061748	0.00404223	0.00253989	0.00150612	0.000827671	0.000413283	0.000183446	7.0615e-05	2.29213e-05	6.07741e-06	1.26935e-06	2.24944e-07	
781311	3.23248e-07	8.86604e-06	5.20592e-05	0.000188082	0.000533913	0.00130464	0.00284595	0.00562257	0.0101447	0.0168626	0.0260728	0.0378277	0.0518139	0.0672121	0.0825996	0.0959541	0.104866	0.107112	0.101521	0.0886963	0.071043	0.0519528	0.0345736	0.0208591	0.0113371	0.00548996	0.0023287	0.000845371	0.000255144	6.1878e-05	1.16003e-05	1.77432e-06	
791311	1.47251e-06	1.60179e-05	5.62892e-05	0.000142241	0.000311251	0.000634284	0.00122886	0.00225055	0.00386904	0.0062737	0.00973068	0.0146276	0.0214201	0.0304822	0.0419362	0.0555128	0.0704284	0.0852674	0.0979472	0.105938	0.106902	0.0996423	0.0848963	0.0653777	0.0449128	0.0270814	0.0140475	0.00611893	0.00217701	0.000613455	0.000132376	2.36666e-05	
801311	1.38374e-06	2.17381e-05	0.000103043	0.000335414	0.000908367	0.0022141	0.0050388	0.0108342	0.0218453	0.0404496	0.0671021	0.0978545	0.124347	0.137759	0.133893	0.1152	0.0887151	0.0619997	0.0399501	0.0240715	0.0136606	0.00729039	0.00363248	0.0016741	0.000705736	0.0002682	9.02025e-05	2.62777e-05	6.47204e-06	1.31036e-06	2.1085e-07	2.81678e-08	
811311	1.00721e-05	0.000112409	0.000401003	0.00101183	0.00215155	0.00413015	0.00740305	0.0125957	0.02043	0.0314336	0.0454161	0.061014	0.075833	0.0873391	0.0938671	0.0949973	0.0912796	0.0837591	0.0736044	0.061902	0.0496099	0.0375966	0.0266577	0.0174537	0.0103921	0.0055301	0.00257879	0.00103029	0.000343608	9.28208e-05	1.96124e-05	3.4952e-06	
821311	0.000104149	0.00112348	0.00371857	0.0083549	0.0151709	0.023838	0.0335704	0.0433185	0.0520822	0.0592107	0.0645336	0.0682296	0.0705262	0.0714899	0.0710532	0.0691419	0.0657165	0.0607549	0.0542956	0.0465408	0.0379275	0.0291021	0.0208009	0.0136811	0.00816448	0.00434904	0.0020288	0.000810638	0.000270353	7.30303e-05	1.54303e-05	2.74983e-06	
831311	9.82589e-05	0.00118328	0.00440077	0.0111265	0.0226539	0.0395342	0.0608035	0.0835363	0.103258	0.115393	0.117165	0.108769	0.093039	0.0739691	0.0551738	0.0390051	0.0264147	0.0173062	0.0110477	0.00688771	0.00417909	0.00244439	0.00135823	0.000703889	0.000333281	0.000141051	5.21368e-05	1.64167e-05	4.2843e-06	8.98762e-07	1.46446e-07	1.93562e-08	
841311	1.9844e-05	0.000214688	0.000739199	0.00179092	0.00363253	0.00659565	0.0110752	0.0175057	0.0263073	0.0377789	0.0519131	0.0681145	0.0848575	0.0994737	0.108469	0.108751	0.0994406	0.0828863	0.0635944	0.0457286	0.0313811	0.020729	0.0131189	0.00784186	0.00434447	0.00218431	0.000974172	0.000375846	0.000121975	3.22591e-05	6.70553e-06	1.17856e-06	
851311	4.01164e-07	1.35896e-05	9.37055e-05	0.000401278	0.00135628	0.00389013	0.00964211	0.0206884	0.0384165	0.0618688	0.0868698	0.107233	0.117699	0.116481	0.105553	0.0889226	0.0706019	0.0534706	0.0390344	0.0276758	0.019102	0.0127762	0.00818725	0.00494292	0.00275437	0.00138449	0.000612364	0.000232018	7.31123e-05	1.85371e-05	3.64215e-06	5.89703e-07	
861311	3.71791e-07	4.34441e-06	1.69569e-05	5.02214e-05	0.000135307	0.000347188	0.000845622	0.00192725	0.00406603	0.00789916	0.0141094	0.023191	0.0351797	0.0495142	0.0651271	0.0806354	0.094396	0.104449	0.108677	0.10541	0.0942928	0.0768879	0.0564824	0.0369706	0.0213534	0.0107896	0.00472685	0.00177406	0.00056019	0.000144959	2.96861e-05	5.16728e-06	
871311	1.82417e-05	0.000201632	0.000734833	0.00194288	0.0043388	0.00852927	0.0149579	0.0236082	0.0339019	0.0449169	0.0557725	0.0658598	0.0747475	0.0819098	0.0865733	0.0878515	0.0850988	0.078278	0.0681244	0.0559913	0.0434362	0.0317732	0.0218277	0.0139548	0.00818082	0.0043144	0.00200221	0.000797929	0.000265765	7.17403e-05	1.51514e-05	2.69923e-06	
881311	0.00124008	0.00737411	0.0145101	0.0230653	0.0319794	0.039836	0.0459456	0.0503948	0.0537296	0.0565348	0.0591073	0.0613708	0.0630126	0.0636882	0.0631563	0.0613031	0.0581009	0.05357	0.0477866	0.0409378	0.0333799	0.0256432	0.0183527	0.0120844	0.00721752	0.00384667	0.00179503	0.000717368	0.000239278	6.46431e-05	1.36597e-05	2.43463e-06	
891311	0.0084395	0.026535	0.0305662	0.0307618	0.0314809	0.0334042	0.0363591	0.0400187	0.0440725	0.0482554	0.0523273	0.0560448	0.0591433	0.0613346	0.0623223	0.0618323	0.0596575	0.0557106	0.0500766	0.0430479	0.0351248	0.0269646	0.0192764	0.0126793	0.00756688	0.00403082	0.00188041	0.000751363	0.000250592	6.76943e-05	1.43034e-05	2.5491e-06	
901311	0.0124816	0.0399783	0.0452017	0.0429627	0.040556	0.039352	0.0394075	0.0405761	0.0426453	0.0453475	0.04837	0.051371	0.0539986	0.0559064	0.0567706	0.0563118	0.0543273	0.050732	0.0456011	0.0392004	0.0319853	0.0245544	0.0175534	0.011546	0.00689056	0.00367057	0.00171236	0.000684222	0.000228202	6.16468e-05	1.30258e-05	2.32146e-06	
911311	0.00851695	0.0255727	0.029198	0.0299888	0.0313787	0.0336636	0.0367027	0.0403147	0.0442988	0.0484349	0.0524867	0.0562011	0.0593033	0.0614992	0.0624893	0.0619979	0.0598173	0.0558599	0.0502108	0.0431633	0.035219	0.0270369	0.0193281	0.0127134	0.00758724	0.00404168	0.00188548	0.000753395	0.000251271	6.78782e-05	1.43424e-05	2.55607e-06	
921311	0.00169452	0.00588084	0.00917891	0.0132873	0.0182818	0.0239734	0.0302152	0.0368458	0.0436534	0.0503739	0.0567052	0.0623264	0.0669132	0.0701494	0.0717396	0.0714294	0.0690421	0.0645286	0.0580232	0.0498859	0.0407062	0.0312501	0.0223404	0.0146949	0.0087699	0.00467173	0.00217942	0.000870854	0.000290448	7.8462e-05	1.65787e-05	2.95465e-06	
931311	0.00125232	0.00819396	0.0167955	0.024448	0.0303649	0.0349305	0.0388713	0.0427437	0.0467866	0.0509747	0.0551222	0.0589625	0.0621906	0.0644834	0.0655182	0.0650022	0.0627157	0.0585666	0.0526439	0.0452549	0.0369256	0.0283471	0.0202648	0.0133295	0.00795492	0.00423754	0.00197685	0.000789903	0.000263447	7.11673e-05	1.50373e-05	2.67991e-06	
941311	0.000197872	0.00184107	0.00537666	0.0108929	0.0182032	0.0268065	0.0359255	0.0446763	0.0523362	0.0585471	0.063304	0.06676	0.0690255	0.0700865	0.0698313	0.0681103	0.064798	0.0598507	0.0533644	0.0456185	0.0370893	0.0284131	0.0202894	0.0133385	0.00795838	0.00423891	0.00197736	0.000790063	0.000263487	7.11741e-05	1.50379e-05	2.67984e-06	
951311	4.69204e-05	0.000502533	0.00174617	0.00432552	0.0089978	0.0165928	0.0276352	0.0417671	0.0572943	0.0713792	0.0811239	0.0849962	0.0835012	0.078567	0.0722796	0.0659574	0.0599525	0.0539701	0.0475559	0.0404762	0.0328645	0.0251637	0.0179608	0.0118017	0.00703809	0.0037472	0.0017474	0.000697981	0.000232714	6.28442e-05	1.32741e-05	2.3647e-06	
961311	2.54706e-05	0.000427103	0.00189308	0.00530628	0.0115234	0.0210002	0.0333885	0.0473617	0.0609292	0.07217	0.0798706	0.0836015	0.0834294	0.0798076	0.0736542	0.0661854	0.0584463	0.0509444	0.0436828	0.0364825	0.0292916	0.0223009	0.0158799	0.0104276	0.00621922	0.00331243	0.00154537	0.000617594	0.000206027	5.5672e-05	1.17673e-05	2.0981e-06	
971311	8.87096e-07	1.80748e-05	0.000102317	0.000376755	0.00109818	0.00273372	0.00601596	0.0118978	0.0213174	0.0347638	0.0517926	0.0707635	0.0890013	0.103381	0.111146	0.110703	0.10213	0.0871829	0.0687732	0.0500691	0.0336036	0.0207554	0.0117556	0.00606289	0.00281533	0.00115906	0.0004152	0.000126639	3.20827e-05	6.55953e-06	1.04638e-06	1.35588e-07	
981311	2.74873e-05	0.000476178	0.00218266	0.00629163	0.0139248	0.0255505	0.040308	0.0558562	0.0691929	0.0781	0.082129	0.0823377	0.0801534	0.076459	0.0715088	0.0653378	0.0580741	0.0499826	0.0414157	0.0328026	0.0246406	0.0174196	0.0115004	0.00702919	0.00393362	0.00198604	0.000887686	0.000343154	0.000111614	2.95892e-05	6.16452e-06	1.08584e-06	
991311	8.35047e-06	9.22388e-05	0.000326491	0.000820377	0.00174496	0.00336397	0.00606124	0.0103293	0.0166797	0.0254808	0.0367854	0.0502142	0.0648898	0.0793869	0.0917636	0.0998592	0.101922	0.0973031	0.0867657	0.0721968	0.055947	0.0401959	0.0265693	0.0159832	0.00863474	0.00412576	0.00171358	0.000606384	0.000178541	4.25244e-05	7.92592e-06	1.23021e-06	
1.00131e+06	2.63424e-05	0.000305719	0.00109718	0.0026997	0.00543253	0.0095863	0.0153745	0.022898	0.0321257	0.042875	0.0547704	0.0671617	0.0790228	0.088915	0.0951426	0.0961762	0.0912432	0.0808057	0.0666002	0.0511053	0.0366627	0.0247481	0.0157893	0.00949437	0.00531262	0.00270907	0.00122757	0.000481017	0.000158308	4.23776e-05	8.89853e-06	1.57846e-06	
1.01131e+06	9.7027e-06	0.000139667	0.00065873	0.00211867	0.00529995	0.0108824	0.0190338	0.0292772	0.0407604	0.0525928	0.0638842	0.0736075	0.0806797	0.0843146	0.0843159	0.0810638	0.0752593	0.0676373	0.0588071	0.0492569	0.0394516	0.0299154	0.0212226	0.0138969	0.00827331	0.00440192	0.00205261	0.000820147	0.000273582	7.39262e-05	1.56256e-05	2.786e-06	
1.02131e+06	5.14832e-07	6.48354e-06	2.69077e-05	8.14864e-05	0.000214188	0.000520622	0.00119925	0.00263363	0.00549451	0.0108052	0.0198476	0.0337561	0.0527428	0.0752049	0.0973451	0.114001	0.120709	0.115888	0.101565	0.0820514	0.0616729	0.0432858	0.0282092	0.0168356	0.00903749	0.00428103	0.00175438	0.000608547	0.000174137	3.985e-05	7.02718e-06	9.99908e-07	
1.03131e+06	1.44272e-05	0.000160846	0.000571434	0.00143061	0.00299876	0.0056095	0.00962766	0.01535	0.0228616	0.0319089	0.0418745	0.0518997	0.0611142	0.068875	0.0749117	0.0792849	0.082115	0.0831796	0.0816557	0.0763431	0.0665043	0.0528789	0.0378654	0.0243329	0.0140643	0.00729649	0.00335065	0.00132905	0.000441998	0.000119281	2.51943e-05	4.48902e-06	
1.04131e+06	3.61886e-05	0.000538951	0.00226271	0.00618016	0.0132512	0.0239574	0.0378147	0.0532396	0.0680126	0.0801205	0.0884035	0.0925877	0.0928352	0.0893157	0.0821721	0.0718203	0.0592284	0.045874	0.0333544	0.0228745	0.0149279	0.00934439	0.00561116	0.00319617	0.00169347	0.000815801	0.000348977	0.000129307	4.03794e-05	1.03012e-05	2.07144e-06	3.52067e-07	
1.05131e+06	3.60593e-05	0.000404519	0.00145658	0.00368343	0.00768961	0.0140161	0.022861	0.0338262	0.0458693	0.0575471	0.0674564	0.0746357	0.0787273	0.0798799	0.0785257	0.0751613	0.070194	0.0638832	0.0563957	0.0479358	0.0388659	0.0297409	0.0212296	0.013955	0.00832579	0.00443441	0.00206845	0.000826421	0.000275597	7.44413e-05	1.57272e-05	2.80247e-06	
1.06131e+06	2.40438e-05	0.000288925	0.00107331	0.00273019	0.00566169	0.0102386	0.0166912	0.0250052	0.0348649	0.0456639	0.0565767	0.0666649	0.0749995	0.0807944	0.0835323	0.0830445	0.0795061	0.0733475	0.0651299	0.0554588	0.0449816	0.0344256	0.0245783	0.0161593	0.00964226	0.00513609	0.00239594	0.000957328	0.000319274	8.62445e-05	1.82221e-05	3.24729e-06	
1.07131e+06	0.000169549	0.00222021	0.00822513	0.0196603	0.0366418	0.0574992	0.0790443	0.0974421	0.109326	0.112759	0.107703	0.0958363	0.079849	0.062563	0.0462519	0.0323353	0.0214068	0.0134387	0.00802109	0.00457218	0.00250208	0.00131824	0.000666299	0.000319208	0.000142144	5.74537e-05	2.0551e-05	6.33734e-06	1.63872e-06	3.44671e-07	5.69748e-08	7.75468e-09	
1.08131e+06	5.9761e-07	9.40859e-06	4.78567e-05	0.000173554	0.000531537	0.00145401	0.00360815	0.00811382	0.0164343	0.0298248	0.0484059	0.0704039	0.0922204	0.109432	0.118216	0.116648	0.10543	0.0876319	0.0673774	0.048235	0.0322978	0.0202258	0.0117796	0.00631675	0.00307965	0.00134609	0.000519486	0.000173941	4.94612e-05	1.16246e-05	2.18218e-06	3.48625e-07	
1.09131e+06	9.33309e-07	1.46177e-05	7.42102e-05	0.000252847	0.000680662	0.00156328	0.00321601	0.00613019	0.011058	0.0190273	0.0311183	0.0478564	0.0682957	0.0892999	0.105931	0.113525	0.110422	0.0988328	0.0828662	0.0659642	0.0500772	0.0361488	0.0246188	0.0156325	0.00911288	0.00478651	0.00221672	0.000883162	0.000294395	7.95653e-05	1.68227e-05	2.99948e-06	
1.10131e+06	0.000153733	0.00148711	0.00451425	0.00949821	0.016468	0.0251516	0.0349755	0.0451449	0.0547914	0.0631371	0.0696164	0.0739171	0.0759483	0.0757742	0.0735543	0.0695015	0.0638596	0.0569094	0.0489947	0.0405384	0.0320254	0.0239587	0.0167999	0.0109029	0.00645088	0.00341882	0.00159041	0.000634552	0.000211468	5.70993e-05	1.20608e-05	2.14879e-06	
1.11131e+06	4.22558e-05	0.000478653	0.00165588	0.00388287	0.0073609	0.0120935	0.017859	0.0242966	0.0310975	0.0381923	0.0457743	0.0540757	0.0629918	0.0717937	0.0791675	0.0836505	0.0842373	0.0807441	0.0736954	0.0639567	0.0525157	0.0404721	0.0289864	0.0190757	0.0113825	0.00606147	0.00282686	0.00112925	0.000376523	0.000101684	2.1478e-05	3.8261e-06	
1.12131e+06	1.32051e-07	2.91399e-06	1.67373e-05	6.23237e-05	0.000186749	0.000490738	0.00117734	0.00262518	0.00546661	0.0106038	0.0190474	0.0314904	0.0477226	0.0662732	0.0846607	0.100116	0.110162	0.112825	0.10702	0.0933229	0.0743261	0.053877	0.0355454	0.0213847	0.0117308	0.00583045	0.00258756	0.00100306	0.000330295	8.93837e-05	1.91341e-05	3.49539e-06	
1.13131e+06	0.000498907	0.00436388	0.011812	0.0218503	0.0328752	0.0431359	0.0513098	0.056918	0.06036	0.0625516	0.06438	0.0662681	0.0680226	0.068961	0.0682189	0.0651186	0.0594728	0.0516904	0.0426328	0.0333124	0.0246067	0.0171093	0.0111185	0.00668679	0.00367628	0.00182056	0.000797733	0.000302666	9.68653e-05	2.53497e-05	5.2307e-06	9.14565e-07	
