6869	4.81851e-07	6.20906e-06	2.82182e-05	9.83425e-05	0.000304324	0.000866116	0.00226815	0.00541041	0.0116232	0.0222844	0.0379276	0.0573122	0.0774304	0.0948128	0.107	0.112797	0.111561	0.102917	0.0874129	0.0672983	0.0462848	0.0281114	0.0149682	0.00697018	0.00284502	0.00102232	0.00032358	8.93335e-05	2.10418e-05	4.09888e-06	6.36702e-07	8.20656e-08	
16869	0.00594986	0.763448	0.0617083	0.0339748	0.0290904	0.0258774	0.0216013	0.0167013	0.0121311	0.00850447	0.00593902	0.00422542	0.00307445	0.00226587	0.00167262	0.00122701	0.000888567	0.000629706	0.000431809	0.000282984	0.000175119	0.000101203	5.40551e-05	2.64146e-05	1.16843e-05	4.62325e-06	1.61293e-06	4.87088e-07	1.24336e-07	2.60373e-08	4.3145e-09	5.91688e-10	
26869	0.00683739	0.937396	0.0458053	0.00750558	0.00147227	0.000401585	0.00019003	0.000113158	7.38596e-05	5.16972e-05	3.83115e-05	2.94608e-05	2.29906e-05	1.78759e-05	1.36673e-05	1.01819e-05	7.34312e-06	5.10198e-06	3.4023e-06	2.17046e-06	1.3197e-06	7.60821e-07	4.12602e-07	2.081e-07	9.61647e-08	3.99869e-08	1.46543e-08	4.62368e-09	1.22317e-09	2.63225e-10	4.45031e-11	6.20398e-12	
36869	0.00611416	0.96352	0.0286611	0.00130377	0.000204227	7.41318e-05	3.74362e-05	2.28852e-05	1.57185e-05	1.15125e-05	8.72587e-06	6.72632e-06	5.21672e-06	4.03991e-06	3.10416e-06	2.35233e-06	1.74732e-06	1.26405e-06	8.84473e-07	5.94133e-07	3.79992e-07	2.29262e-07	1.29111e-07	6.70479e-08	3.16581e-08	1.33711e-08	4.95666e-09	1.57755e-09	4.20182e-10	9.0918e-11	1.544e-11	2.16124e-12	
46869	0.00533801	0.970041	0.023646	0.000675693	0.000127883	5.83143e-05	3.36844e-05	2.1583e-05	1.47986e-05	1.07038e-05	8.06558e-06	6.23562e-06	4.86919e-06	3.79004e-06	2.91167e-06	2.19164e-06	1.60703e-06	1.14223e-06	7.83226e-07	5.15448e-07	3.23551e-07	1.92183e-07	1.06935e-07	5.5049e-08	2.58331e-08	1.08634e-08	4.01426e-09	1.27452e-09	3.38824e-10	7.3202e-11	1.2416e-11	1.73598e-12	
56869	0.00377702	0.967515	0.0249328	0.00225717	0.000574966	0.000229157	0.000132554	9.76121e-05	8.08981e-05	7.03204e-05	6.20607e-05	5.47092e-05	4.76972e-05	4.08175e-05	3.40563e-05	2.75214e-05	2.13951e-05	1.58878e-05	1.11878e-05	7.41516e-06	4.5917e-06	2.6374e-06	1.39552e-06	6.75595e-07	2.96994e-07	1.17392e-07	4.1135e-08	1.25252e-08	3.22797e-09	6.81886e-10	1.13766e-10	1.56874e-11	
66869	0.00552456	0.962868	0.0246377	0.00460058	0.00144506	0.000490513	0.000199989	9.41339e-05	4.87989e-05	2.79451e-05	1.77715e-05	1.22915e-05	8.95339e-06	6.6878e-06	5.02833e-06	3.75653e-06	2.7617e-06	1.98187e-06	1.37774e-06	9.20532e-07	5.86146e-07	3.52343e-07	1.9782e-07	1.02468e-07	4.82795e-08	2.03549e-08	7.53424e-09	2.39488e-09	6.37195e-10	1.37749e-10	2.33749e-11	3.26951e-12	
76869	0.0184959	0.956326	0.0179588	0.00396236	0.00156855	0.000734724	0.000390466	0.000220397	0.000128147	7.58963e-05	4.60119e-05	2.89588e-05	1.9122e-05	1.32235e-05	9.44769e-06	6.84517e-06	4.94276e-06	3.5081e-06	2.42078e-06	1.60884e-06	1.02028e-06	6.11367e-07	3.42378e-07	1.76985e-07	8.32518e-08	3.50523e-08	1.29602e-08	4.11594e-09	1.0943e-09	2.36424e-10	4.0099e-11	5.60615e-12	
86869	0.0634949	0.931823	0.00423515	0.0002693	6.39017e-05	3.11715e-05	1.98121e-05	1.4047e-05	1.05435e-05	8.18992e-06	6.50104e-06	5.22711e-06	4.22642e-06	3.4142e-06	2.73859e-06	2.16792e-06	1.68322e-06	1.27342e-06	9.32062e-07	6.54836e-07	4.37689e-07	2.75515e-07	1.61448e-07	8.69063e-08	4.23222e-08	1.83224e-08	6.91179e-09	2.22057e-09	5.91956e-10	1.2711e-10	2.12546e-11	2.90141e-12	
96869	0.0782679	0.918291	0.00240513	0.000430649	0.000220839	0.000130743	8.28241e-05	5.47022e-05	3.6791e-05	2.48457e-05	1.67959e-05	1.14159e-05	7.85865e-06	5.50925e-06	3.9313e-06	2.83381e-06	2.03844e-06	1.44432e-06	9.96328e-07	6.62317e-07	4.20203e-07	2.51904e-07	1.4113e-07	7.29804e-08	3.434e-08	1.44625e-08	5.34864e-09	1.699e-09	4.51801e-10	9.76288e-11	1.65611e-11	2.31576e-12	
106869	0.0993222	0.899968	0.000522736	8.11839e-05	3.51136e-05	2.01551e-05	1.32258e-05	9.30678e-06	6.82494e-06	5.14133e-06	3.94413e-06	3.06078e-06	2.3878e-06	1.86061e-06	1.43861e-06	1.09648e-06	8.18479e-07	5.94476e-07	4.17291e-07	2.81028e-07	1.80114e-07	1.08856e-07	6.13917e-08	3.19197e-08	1.50869e-08	6.37759e-09	2.3659e-09	7.53459e-10	2.0079e-10	4.34658e-11	7.38432e-12	1.03401e-12	
116869	0.104102	0.895536	0.000243517	4.78169e-05	2.24326e-05	1.32439e-05	8.7831e-06	6.2421e-06	4.63551e-06	3.5414e-06	2.75341e-06	2.16066e-06	1.69943e-06	1.33138e-06	1.03278e-06	7.88666e-07	5.8937e-07	4.28372e-07	3.00838e-07	2.02671e-07	1.29927e-07	7.85397e-08	4.43008e-08	2.30362e-08	1.08892e-08	4.60346e-09	1.70786e-09	5.43924e-10	1.44957e-10	3.13807e-11	5.33137e-12	7.46562e-13	
126869	0.102184	0.897344	0.000333939	5.91475e-05	2.54953e-05	1.4758e-05	9.77053e-06	6.96017e-06	5.18559e-06	3.97487e-06	3.09978e-06	2.43853e-06	1.92161e-06	1.50746e-06	1.17044e-06	8.94329e-07	6.68615e-07	4.8612e-07	3.41474e-07	2.30091e-07	1.47528e-07	8.91908e-08	5.0314e-08	2.61654e-08	1.23693e-08	5.22952e-09	1.94023e-09	6.17957e-10	1.64693e-10	3.56544e-11	6.05763e-12	8.48285e-13	
136869	0.0903889	0.907955	0.0011202	0.00026081	0.000111238	5.95402e-05	3.51796e-05	2.19321e-05	1.41295e-05	9.37822e-06	6.44709e-06	4.60259e-06	3.39303e-06	2.55122e-06	1.9291e-06	1.44894e-06	1.07046e-06	7.71526e-07	5.38378e-07	3.60908e-07	2.3047e-07	1.38886e-07	7.8144e-08	4.05516e-08	1.91364e-08	8.07869e-09	2.99365e-09	9.52493e-10	2.53632e-10	5.48687e-11	9.31631e-12	1.30385e-12	
146869	0.0786165	0.91876	0.00199848	0.00040952	0.000111002	3.86192e-05	1.90856e-05	1.20542e-05	8.55968e-06	6.40781e-06	4.91744e-06	3.81661e-06	2.97205e-06	2.30802e-06	1.77746e-06	1.34976e-06	1.00458e-06	7.28057e-07	5.1026e-07	3.43245e-07	2.19797e-07	1.32748e-07	7.48238e-08	3.88854e-08	1.83722e-08	7.76388e-09	2.8794e-09	9.16786e-10	2.44269e-10	5.28695e-11	8.9807e-12	1.25739e-12	
156869	0.0559122	0.937622	0.00331225	0.00102967	0.000680185	0.000471787	0.000325089	0.000221004	0.000147743	9.67326e-05	6.21075e-05	3.95724e-05	2.55392e-05	1.70028e-05	1.1724e-05	8.27535e-06	5.8702e-06	4.11514e-06	2.81409e-06	1.85741e-06	1.17162e-06	6.99069e-07	3.9015e-07	2.01112e-07	9.43801e-08	3.96601e-08	1.46397e-08	4.64279e-09	1.2329e-09	2.66095e-10	4.50914e-11	6.29874e-12	
166869	0.0533546	0.943687	0.0027187	0.000135826	3.69899e-05	1.89336e-05	1.21721e-05	8.57141e-06	6.3442e-06	4.8423e-06	3.7651e-06	2.95549e-06	2.32504e-06	1.82138e-06	1.41242e-06	1.07801e-06	8.05113e-07	5.84822e-07	4.10478e-07	2.76399e-07	1.77122e-07	1.07035e-07	6.03596e-08	3.1381e-08	1.48316e-08	6.26945e-09	2.32572e-09	7.40645e-10	1.97371e-10	4.27251e-11	7.25841e-12	1.01637e-12	
176869	0.0296845	0.948878	0.00786053	0.00126726	0.000954255	0.00089273	0.000900453	0.000932107	0.000967421	0.000994108	0.00100287	0.00098638	0.000939825	0.000862089	0.00075659	0.000631328	0.000497774	0.00036865	0.000255117	0.000164322	9.82833e-05	5.45348e-05	2.80489e-05	1.33336e-05	5.81636e-06	2.29891e-06	8.08449e-07	2.47146e-07	6.38737e-08	1.35127e-08	2.25563e-09	3.11032e-10	
186869	0.0203367	0.964298	0.0140874	0.000844549	0.000227474	9.00796e-05	4.3232e-05	2.34034e-05	1.40299e-05	9.24985e-06	6.58037e-06	4.91638e-06	3.76425e-06	2.90239e-06	2.22767e-06	1.68795e-06	1.25385e-06	9.06993e-07	6.34511e-07	4.26116e-07	2.72463e-07	1.64347e-07	9.25345e-08	4.80455e-08	2.26825e-08	9.57901e-09	3.5506e-09	1.12996e-09	3.00944e-10	6.51141e-11	1.10574e-11	1.54771e-12	
196869	0.0163061	0.961122	0.020764	0.00118035	0.000338467	0.000130018	5.66318e-05	2.97138e-05	1.87478e-05	1.33079e-05	1.0014e-05	7.72832e-06	6.016e-06	4.67765e-06	3.60618e-06	2.73862e-06	2.03591e-06	1.47227e-06	1.02883e-06	6.89817e-07	4.40273e-07	2.65096e-07	1.49031e-07	7.72849e-08	3.64542e-08	1.53855e-08	5.70052e-09	1.81364e-09	4.82934e-10	1.04475e-10	1.77394e-11	2.48276e-12	
206869	0.00322173	0.94773	0.043387	0.00327951	0.00117506	0.000578139	0.000280328	0.000137685	7.31463e-05	4.30463e-05	2.75802e-05	1.88105e-05	1.34113e-05	9.82375e-06	7.27352e-06	5.37034e-06	3.91247e-06	2.78813e-06	1.92798e-06	1.28311e-06	8.14648e-07	4.88642e-07	2.73889e-07	1.41685e-07	6.66871e-08	2.80913e-08	1.03904e-08	3.3008e-09	8.77791e-10	1.89682e-10	3.2176e-11	4.49903e-12	
216869	0.00274946	0.936812	0.05558	0.00326775	0.000593423	0.000306856	0.000196845	0.000134851	9.58447e-05	6.99724e-05	5.19672e-05	3.88413e-05	2.89669e-05	2.1458e-05	1.57639e-05	1.14694e-05	8.23512e-06	5.79542e-06	3.9595e-06	2.59769e-06	1.6183e-06	9.46904e-07	5.14838e-07	2.57289e-07	1.168e-07	4.7515e-08	1.70373e-08	5.2752e-09	1.37521e-09	2.92812e-10	4.9137e-11	6.81004e-12	
226869	0.00294617	0.916901	0.0730622	0.00614629	0.000581707	0.000150896	6.93706e-05	4.00452e-05	2.64289e-05	1.89085e-05	1.41618e-05	1.08589e-05	8.40419e-06	6.50172e-06	4.99035e-06	3.77562e-06	2.79858e-06	2.0197e-06	1.40987e-06	9.45083e-07	6.03421e-07	3.63583e-07	2.0455e-07	1.06143e-07	5.00885e-08	2.11455e-08	7.83572e-09	2.49311e-09	6.63875e-10	1.43618e-10	2.43855e-11	3.41286e-12	
236869	0.00230565	0.838605	0.112163	0.0343682	0.00910178	0.00205623	0.000621921	0.000272311	0.000150023	9.6119e-05	6.75544e-05	4.99201e-05	3.778e-05	2.88178e-05	2.19187e-05	1.64865e-05	1.21744e-05	8.7647e-06	6.10778e-06	4.08864e-06	2.60735e-06	1.56923e-06	8.81892e-07	4.57172e-07	2.15547e-07	9.09253e-08	3.36709e-08	1.0707e-08	2.84969e-09	6.16223e-10	1.04594e-10	1.46333e-11	
246869	0.000733108	0.626118	0.148776	0.104828	0.0643188	0.0307016	0.0128085	0.00534229	0.00246359	0.0013214	0.000812637	0.000541946	0.000375155	0.000264225	0.000187651	0.000133428	9.4221e-05	6.54941e-05	4.44074e-05	2.91013e-05	1.82562e-05	1.08502e-05	6.03917e-06	3.10734e-06	1.45639e-06	6.11433e-07	2.2554e-07	7.14884e-08	1.89759e-08	4.09418e-09	6.93611e-10	9.6869e-11	
256869	1.48985e-06	2.33305e-05	0.000118424	0.000414431	0.00116939	0.00282579	0.0060193	0.011462	0.0196388	0.0304309	0.0430289	0.0564123	0.0700075	0.0836012	0.0962662	0.105469	0.107749	0.10082	0.0854371	0.0654049	0.0455919	0.0294441	0.0179409	0.010375	0.00562705	0.00279672	0.00124041	0.000477636	0.000155053	4.10687e-05	8.5532e-06	1.50635e-06	
266869	4.07678e-06	4.6371e-05	0.000169267	0.000438765	0.000961548	0.00190601	0.00353233	0.00623513	0.0106055	0.0175201	0.0282355	0.0443115	0.0668528	0.0945234	0.121286	0.137354	0.135217	0.115525	0.086374	0.057416	0.0346085	0.0192092	0.00986639	0.00466554	0.00200644	0.000771731	0.000260411	7.55092e-05	1.83942e-05	3.66752e-06	5.79922e-07	7.59872e-08	
276869	6.32365e-07	1.98855e-05	0.00012689	0.000511845	0.00169755	0.00504732	0.0134869	0.031216	0.0602343	0.0949628	0.122903	0.134221	0.128277	0.110568	0.0879957	0.0661633	0.0479051	0.0336793	0.0229831	0.0151944	0.00971511	0.00597897	0.0035053	0.00192732	0.000974799	0.000443798	0.000177644	6.09415e-05	1.74176e-05	4.01726e-06	7.21001e-07	1.06104e-07	
286869	4.97131e-06	8.27337e-05	0.000414513	0.001416	0.00397938	0.00994257	0.0227177	0.0468373	0.0837655	0.124814	0.151482	0.150435	0.126411	0.0946521	0.0663288	0.0448003	0.0293334	0.0184661	0.011075	0.00630496	0.00341343	0.0017637	0.000869826	0.000406486	0.000177239	7.05743e-05	2.50332e-05	7.70122e-06	1.99668e-06	4.22692e-07	7.05024e-08	9.70556e-09	
296869	4.88566e-06	0.000148053	0.00122963	0.00630875	0.0226781	0.059512	0.115862	0.168057	0.18343	0.155691	0.109208	0.0682726	0.0408436	0.0247193	0.0155808	0.0101971	0.00678526	0.00449092	0.00290651	0.00181453	0.00107941	0.000604836	0.000315861	0.000152199	6.69652e-05	2.6567e-05	9.34853e-06	2.85566e-06	7.37168e-07	1.55769e-07	2.59739e-08	3.57762e-09	
306869	4.18485e-06	6.70891e-05	0.000348108	0.00126024	0.00366677	0.00898956	0.01903	0.0352937	0.057635	0.0825917	0.103491	0.114284	0.113877	0.105637	0.0934505	0.0792041	0.0633039	0.0465991	0.0311146	0.0188854	0.0106065	0.00562018	0.00282297	0.00132606	0.000569603	0.000218857	7.38103e-05	2.14653e-05	5.27623e-06	1.06831e-06	1.72282e-07	2.30963e-08	
316869	7.49092e-07	1.08934e-05	5.16946e-05	0.000175131	0.000499016	0.00127026	0.00296971	0.00643892	0.0129167	0.023835	0.0402639	0.0618078	0.0853685	0.105626	0.117813	0.119855	0.112115	0.0966123	0.076569	0.0555736	0.0366923	0.0219052	0.0118038	0.00575579	0.00254578	0.00101697	0.000361361	0.000111307	2.87643e-05	6.01432e-06	9.78901e-07	1.29128e-07	
326869	2.02126e-07	1.21932e-05	0.000123292	0.000659195	0.00245168	0.00704388	0.0164239	0.0317417	0.0513353	0.0705935	0.0850229	0.0930021	0.0955699	0.0945502	0.0907958	0.0839367	0.0736252	0.0606575	0.0468487	0.0340943	0.0235835	0.0156222	0.00992108	0.00598998	0.00338075	0.00174469	0.000803099	0.000320999	0.000108196	2.977e-05	6.4463e-06	1.18835e-06	
336869	4.25312e-05	0.000658373	0.00337698	0.0110347	0.0265082	0.0501516	0.0779303	0.102648	0.118054	0.122076	0.116023	0.101854	0.0819623	0.0604871	0.0419449	0.0284343	0.0193772	0.0132948	0.00905291	0.00602651	0.0038784	0.00238952	0.00139336	0.000757799	0.000377627	0.000168944	6.63364e-05	2.22929e-05	6.23376e-06	1.40488e-06	2.46038e-07	3.51459e-08	
346869	4.56188e-06	7.29691e-05	0.000370981	0.00136529	0.00425803	0.0114502	0.0260929	0.0494982	0.0775183	0.101332	0.114545	0.116861	0.110041	0.0958595	0.0776823	0.0597282	0.0447111	0.0331627	0.0244402	0.0177582	0.0125652	0.00853793	0.00549174	0.00329637	0.00181976	0.000909336	0.000403668	0.0001556	5.06672e-05	1.34928e-05	2.83076e-06	5.03537e-07	
356869	1.81938e-07	1.34584e-05	0.000134849	0.000705788	0.00263967	0.00780833	0.0187649	0.0368479	0.0596376	0.0812081	0.0962	0.102977	0.102607	0.0967544	0.0870317	0.075023	0.0621999	0.0497571	0.0384735	0.0286992	0.0205008	0.0138488	0.00870832	0.00501075	0.00259165	0.0011822	0.0004657	0.000154738	4.22495e-05	9.21005e-06	1.55225e-06	2.12518e-07	
366869	5.24979e-07	6.4627e-06	2.90965e-05	0.000111497	0.000395328	0.00123057	0.00326911	0.00742953	0.0146707	0.0256613	0.0404739	0.0582775	0.0769643	0.0930641	0.102812	0.104332	0.0986711	0.0883822	0.0757432	0.0622606	0.0489341	0.0365165	0.0256007	0.0166186	0.00980495	0.0051421	0.00233721	0.000895455	0.000280578	6.9563e-05	1.31554e-05	2.00546e-06	
376869	4.68824e-07	5.97032e-06	2.51134e-05	7.70761e-05	0.000204534	0.000498705	0.00114598	0.0025086	0.00525041	0.0104961	0.0199298	0.0355576	0.0586908	0.0880152	0.117848	0.13894	0.143016	0.1282	0.100238	0.0685483	0.0411418	0.0218517	0.0104357	0.00456064	0.00183583	0.000674033	0.000221152	6.32404e-05	1.53308e-05	3.05589e-06	4.83904e-07	6.35281e-08	
386869	7.09317e-09	1.40929e-07	8.0809e-07	3.13357e-06	1.00948e-05	2.95615e-05	8.26299e-05	0.000225945	0.000607812	0.00159588	0.0040254	0.00954589	0.0207054	0.0398726	0.066691	0.0964572	0.122082	0.137273	0.137844	0.122902	0.0964399	0.0662613	0.0398907	0.0211541	0.00994631	0.00415669	0.00153398	0.000491671	0.000133614	2.98987e-05	5.32256e-06	7.9789e-07	
396869	5.85954e-06	7.13916e-05	0.000277206	0.000758156	0.0017373	0.00356599	0.00677019	0.0120856	0.0204326	0.0327387	0.0494921	0.0699978	0.091615	0.109728	0.119204	0.11693	0.103653	0.083584	0.0621119	0.0433009	0.028813	0.0184674	0.0113694	0.00664023	0.00361463	0.00179688	0.000797383	0.000307875	0.000100455	2.6794e-05	5.62634e-06	1.00091e-06	
406869	0.000516142	0.00510261	0.015607	0.0326581	0.0557835	0.0833474	0.111759	0.133843	0.140201	0.126614	0.0994158	0.0699759	0.0459513	0.0292288	0.0185259	0.0118535	0.00763142	0.00488027	0.00305403	0.00184653	0.00106809	0.000586199	0.000302671	0.000145518	6.43069e-05	2.57056e-05	9.11543e-06	2.80172e-06	7.26334e-07	1.53895e-07	2.57046e-08	3.54476e-09	
416869	2.45285e-05	0.000277868	0.00102657	0.00276221	0.00645482	0.0138826	0.0277683	0.0508479	0.08295	0.117567	0.142681	0.147918	0.131885	0.102415	0.0705118	0.0440831	0.0257375	0.0144109	0.00789332	0.00427544	0.00229324	0.0012083	0.000615521	0.000296957	0.000132705	5.3718e-05	1.92526e-05	5.96213e-06	1.55271e-06	3.29767e-07	5.51366e-08	7.60603e-09	
426869	6.8107e-07	1.95103e-05	0.000111896	0.000386362	0.00103459	0.00237945	0.00494131	0.00946866	0.0167704	0.0272118	0.0401906	0.0543193	0.0681984	0.0806041	0.0900693	0.0950692	0.0948533	0.089912	0.0815222	0.0707848	0.0582773	0.0446676	0.0312237	0.0195052	0.0106685	0.00500285	0.00196837	0.000635413	0.000164378	3.32237e-05	5.10132e-06	6.19556e-07	
436869	2.73734e-05	0.00040905	0.00172204	0.00471901	0.0102206	0.0188669	0.0306689	0.0444881	0.0580011	0.0686605	0.0751249	0.0777873	0.0779228	0.0764969	0.0737453	0.0695376	0.0638561	0.0569526	0.0492291	0.0410828	0.0328647	0.0249384	0.0177207	0.0116234	0.00692873	0.00368942	0.00172101	0.000687712	0.000229391	6.19769e-05	1.30978e-05	2.33482e-06	
446869	1.6009e-08	5.76387e-07	3.90573e-06	1.60293e-05	5.16032e-05	0.000143952	0.000364848	0.000861233	0.00191887	0.00406331	0.00819859	0.0157414	0.0285878	0.0485122	0.0754674	0.105142	0.128539	0.136695	0.127426	0.106132	0.0804209	0.0558883	0.0356074	0.020732	0.0109722	0.00521858	0.002189	0.000791247	0.000240428	5.97823e-05	1.1789e-05	1.98471e-06	
456869	3.43621e-05	0.000401711	0.00146078	0.00368109	0.00768554	0.0141912	0.0237288	0.0361567	0.0503677	0.0647085	0.0779617	0.089767	0.0995876	0.105281	0.10368	0.0933999	0.0766035	0.0575104	0.0397497	0.0252763	0.0146932	0.00775615	0.00371112	0.00161632	0.000644873	0.000235893	7.8218e-05	2.29432e-05	5.76016e-06	1.19279e-06	1.958e-07	2.65931e-08	
466869	8.24218e-07	1.181e-05	5.69996e-05	0.000199197	0.00059058	0.00157858	0.00390925	0.00902382	0.0192145	0.0370069	0.0632106	0.0945175	0.123188	0.140105	0.139191	0.120725	0.0918934	0.0626322	0.0395096	0.0238072	0.0139134	0.00785319	0.00421166	0.00210356	0.000959203	0.000391431	0.000139902	4.27462e-05	1.08665e-05	2.23033e-06	3.57543e-07	4.67973e-08	
476869	2.34379e-06	6.94142e-05	0.000516058	0.00231608	0.0076285	0.0198376	0.0420987	0.0740877	0.109001	0.13481	0.141311	0.12769	0.102545	0.0762947	0.0546273	0.0383129	0.0262468	0.0173891	0.0110394	0.00665614	0.00377722	0.00200272	0.000987862	0.000452081	0.000191037	7.37555e-05	2.55412e-05	7.73314e-06	1.98538e-06	4.17739e-07	6.93852e-08	9.51731e-09	
486869	6.85378e-08	9.49766e-07	4.49021e-06	1.56599e-05	4.69465e-05	0.000127422	0.000320434	0.000756034	0.00168735	0.00358532	0.00729367	0.0142479	0.0265999	0.0466764	0.0750228	0.107561	0.134796	0.146081	0.136936	0.112076	0.0809268	0.0516893	0.029106	0.0144428	0.00634364	0.00247231	0.000849982	0.000253913	6.43659e-05	1.34069e-05	2.20418e-06	2.97181e-07	
496869	4.924e-08	7.05198e-07	3.4096e-06	1.22448e-05	3.845e-05	0.000111515	0.000305086	0.00079243	0.00194885	0.00449929	0.00965125	0.0190786	0.0345821	0.0572182	0.0857158	0.11475	0.135372	0.139568	0.125895	0.100305	0.0715594	0.0462411	0.0271307	0.0143378	0.0067336	0.00277144	0.000986055	0.000298448	7.52266e-05	1.5358e-05	2.45439e-06	3.19906e-07	
506869	9.3547e-07	1.34706e-05	6.87228e-05	0.000257824	0.000807192	0.00219637	0.00529391	0.0114205	0.0221696	0.0388017	0.0612109	0.08688	0.110676	0.126225	0.128647	0.11714	0.0955794	0.0705234	0.0479141	0.0307488	0.0190611	0.0114641	0.00657741	0.00350677	0.00169604	0.000729256	0.00027349	8.76078e-05	2.33837e-05	5.04615e-06	8.49014e-07	1.163e-07	
516869	1.44532e-06	1.65239e-05	6.08675e-05	0.000160187	0.000359623	0.000739481	0.00144451	0.00273573	0.00507201	0.00920823	0.0162334	0.0273646	0.0432776	0.0630501	0.0834747	0.0998457	0.108287	0.107803	0.100154	0.0880361	0.0736308	0.0584004	0.0434798	0.0299365	0.0187204	0.0104201	0.00505088	0.00208185	0.000710601	0.000194954	4.15505e-05	7.42733e-06	
526869	7.2359e-08	1.22239e-06	6.49493e-06	2.36766e-05	7.01818e-05	0.000180865	0.00041923	0.000891764	0.00176483	0.00328522	0.0058106	0.00985857	0.0161646	0.0256726	0.0392881	0.0572432	0.078254	0.0991596	0.115654	0.123669	0.120506	0.105831	0.0825363	0.0561656	0.0326767	0.0158959	0.00632567	0.00201946	0.000508826	9.9727e-05	1.49583e-05	1.80382e-06	
536869	6.30911e-07	7.47475e-06	2.86874e-05	7.88476e-05	0.000184468	0.000392025	0.000779159	0.00146704	0.00262774	0.0044771	0.00724694	0.0111466	0.0163498	0.023051	0.0315866	0.0424898	0.0562721	0.0728316	0.0907066	0.106728	0.116596	0.116387	0.104417	0.0825904	0.0562911	0.0322389	0.0151389	0.00570739	0.00170074	0.00039664	7.1833e-05	1.10211e-05	
546869	9.39321e-08	1.87491e-06	9.84445e-06	3.32211e-05	8.9004e-05	0.00020628	0.000432247	0.000840679	0.00154389	0.0027093	0.00458069	0.00749953	0.011913	0.0183496	0.0273545	0.039397	0.0547457	0.0732054	0.0935229	0.112548	0.125051	0.125423	0.111063	0.0850172	0.055144	0.0297516	0.0131438	0.00469975	0.00134968	0.000309128	5.57356e-05	8.52525e-06	
556869	1.44918e-06	1.67028e-05	6.16932e-05	0.000161481	0.000356398	0.000709285	0.00131535	0.00231556	0.00391535	0.00641203	0.0102351	0.0159977	0.0245301	0.0368122	0.0536642	0.0750529	0.0990206	0.12076	0.13316	0.129945	0.110172	0.0801328	0.0497637	0.0264485	0.0120874	0.0047561	0.00160295	0.000457961	0.00010936	2.14015e-05	3.33153e-06	4.28553e-07	
566869	4.37133e-07	5.07999e-06	1.90628e-05	5.12095e-05	0.000117491	0.000246774	0.000490977	0.000942121	0.00175873	0.00320188	0.00567515	0.00975193	0.0161599	0.025677	0.0388799	0.0557114	0.0750138	0.0944257	0.110799	0.120605	0.120346	0.108154	0.0859713	0.0595788	0.0356559	0.0183407	0.00809104	0.00304742	0.000967466	0.00025262	5.23612e-05	9.25743e-06	
576869	1.31276e-07	1.67209e-06	7.28432e-06	2.42305e-05	7.33503e-05	0.000214434	0.000614374	0.00170722	0.00448453	0.0107934	0.0231481	0.0434042	0.0705345	0.0993522	0.122075	0.132204	0.127798	0.111671	0.0890519	0.065133	0.043711	0.0267884	0.0148455	0.00734954	0.00321545	0.00123296	0.000411233	0.000117976	2.85577e-05	5.66671e-06	8.88401e-07	1.14261e-07	
586869	6.55531e-06	7.69053e-05	0.000287988	0.000759444	0.00167362	0.0032865	0.00592435	0.00995383	0.0157143	0.0234096	0.0329794	0.0440006	0.0556842	0.0670069	0.0769274	0.0845723	0.0892965	0.0906154	0.0880941	0.0813867	0.0705863	0.0566881	0.0416367	0.0276932	0.0165373	0.00877616	0.00407778	0.00162487	0.000540974	0.000145945	3.07983e-05	5.48036e-06	
596869	2.63745e-07	1.05163e-05	8.78548e-05	0.000421423	0.00149463	0.00430704	0.0104677	0.0217714	0.0390541	0.0609292	0.0835914	0.102172	0.112774	0.113856	0.106348	0.0927643	0.0760445	0.0587632	0.0428212	0.029397	0.0189797	0.0114861	0.00647378	0.00336406	0.00159039	0.000672957	0.000249902	7.95582e-05	2.11283e-05	4.53517e-06	7.587e-07	1.03336e-07	
606869	7.61277e-05	0.000842433	0.00301118	0.00767701	0.0164723	0.0312762	0.0531057	0.0803459	0.107676	0.127445	0.133408	0.124143	0.103451	0.0778757	0.0535132	0.0340022	0.020281	0.0115505	0.00640225	0.00351285	0.00191802	0.00103063	0.000533753	0.000260517	0.000117319	4.77394e-05	1.71753e-05	5.33455e-06	1.39256e-06	2.96327e-07	4.96257e-08	6.85628e-09	
616869	1.24281e-05	0.000138666	0.000499636	0.00130831	0.00301899	0.00658476	0.0136738	0.0263263	0.0455126	0.0692602	0.0925743	0.110094	0.118785	0.118015	0.108393	0.091635	0.0709043	0.0501368	0.0325274	0.0194934	0.0108424	0.00560277	0.00268917	0.00119896	0.000495333	0.000187822	6.41512e-05	1.9219e-05	4.89355e-06	1.02287e-06	1.6901e-07	2.30781e-08	
626869	5.52363e-06	0.000100545	0.000507411	0.00165951	0.00427852	0.00938928	0.0181885	0.0316729	0.0499956	0.0717189	0.0934497	0.110479	0.118531	0.11569	0.103183	0.0845885	0.0642316	0.0456398	0.0306878	0.019689	0.0120751	0.00703507	0.00384349	0.00193693	0.00088498	0.000360058	0.000127858	3.87289e-05	9.75121e-06	1.98337e-06	3.15786e-07	4.12002e-08	
636869	1.977e-05	0.000205044	0.000673194	0.00154671	0.00295912	0.00504316	0.00791652	0.0116656	0.0163267	0.0218648	0.0281601	0.0350251	0.0422761	0.0498549	0.0579333	0.0668925	0.0770499	0.0880277	0.0978427	0.102455	0.0971687	0.0802019	0.0556021	0.0315021	0.014372	0.00529331	0.00160423	0.000409591	8.89806e-05	1.62458e-05	2.41623e-06	3.02979e-07	
646869	5.44249e-06	8.17842e-05	0.000372041	0.00114074	0.00281305	0.00597031	0.0112639	0.0192248	0.0299992	0.0431143	0.0574143	0.0712557	0.0829228	0.0910993	0.0951397	0.0949156	0.0903744	0.0814428	0.0685921	0.0534229	0.0383768	0.0256095	0.0160616	0.00951598	0.00527831	0.00268392	0.00121788	0.000479092	0.000158473	4.26479e-05	9.00166e-06	1.60548e-06	
656869	7.53357e-07	2.47308e-05	0.000195342	0.000862175	0.00271095	0.00672318	0.0138153	0.0241727	0.0367331	0.0495399	0.0610689	0.0713336	0.0812897	0.0909052	0.0980944	0.0997624	0.0938742	0.0808848	0.0637056	0.0462236	0.0313735	0.0202123	0.0124046	0.0071768	0.00384067	0.00186007	0.00079681	0.000294626	9.15384e-05	2.31872e-05	4.62704e-06	7.81307e-07	
666869	2.53838e-07	3.26454e-06	1.36531e-05	4.13894e-05	0.000109221	0.000270434	0.000650737	0.00153822	0.00354304	0.00778579	0.0159048	0.0295324	0.0492008	0.0734197	0.098751	0.120513	0.133439	0.132929	0.117474	0.0907013	0.0604565	0.0346382	0.0171704	0.00748937	0.00293191	0.0010404	0.000331918	9.30134e-05	2.22106e-05	4.37282e-06	6.85022e-07	8.89902e-08	
676869	2.37578e-05	0.0002821	0.00105757	0.00276046	0.00595147	0.0112976	0.0194456	0.0308	0.0452361	0.0618353	0.0787709	0.0934613	0.103068	0.10533	0.0995367	0.0870843	0.071043	0.0547958	0.0406767	0.0295051	0.0210224	0.0146029	0.00972346	0.00608025	0.00349761	0.00181312	0.000828845	0.00032623	0.000107602	2.88331e-05	6.05683e-06	1.07447e-06	
686869	1.07836e-05	0.000141417	0.000580449	0.00165437	0.0038954	0.00807658	0.0151661	0.0261538	0.0416923	0.0614403	0.0831235	0.101995	0.112129	0.109973	0.097322	0.0800248	0.0635349	0.0501777	0.0397768	0.0313644	0.0241767	0.0178836	0.0124769	0.00807762	0.00477266	0.00252738	0.00117531	0.00046894	0.000156326	4.22325e-05	8.92664e-06	1.59184e-06	
696869	1.10328e-06	1.29408e-05	4.89123e-05	0.000132089	0.00030435	0.000642677	0.00129046	0.0025136	0.00478574	0.00887691	0.0158526	0.0268185	0.0423012	0.0614507	0.0816277	0.0989062	0.109445	0.111043	0.104002	0.090738	0.0744305	0.0577222	0.042236	0.028831	0.018016	0.0100714	0.00491488	0.00204094	0.000701676	0.000193738	4.15053e-05	7.44985e-06	
706869	0.000224704	0.00257626	0.00915967	0.0221835	0.0431715	0.0715095	0.103115	0.130364	0.144322	0.139184	0.116505	0.0850757	0.0552724	0.0330475	0.0189105	0.0107118	0.00614256	0.00359351	0.00212966	0.00125887	0.000729771	0.00040832	0.000217052	0.000107817	4.91694e-05	2.01995e-05	7.32138e-06	2.28745e-06	5.99983e-07	1.28169e-07	2.1533e-08	2.98373e-09	
716869	1.34913e-05	0.000168769	0.000712032	0.00228804	0.00655454	0.0161795	0.032627	0.054187	0.0774346	0.09836	0.111998	0.114825	0.107509	0.0938156	0.0776854	0.0616637	0.0470237	0.0343812	0.0240312	0.0160104	0.0101257	0.00603817	0.00335987	0.00172022	0.00079672	0.000327438	0.000116929	3.54623e-05	8.90851e-06	1.80311e-06	2.85054e-07	3.68054e-08	
726869	5.78804e-05	0.000633398	0.00225697	0.00573284	0.0122249	0.0230857	0.0391152	0.0593452	0.080436	0.0973527	0.105225	0.102297	0.0913683	0.0774022	0.0640845	0.0527852	0.0434918	0.0357795	0.029209	0.0234354	0.0182511	0.0135992	0.00954593	0.00621142	0.00368368	0.0019552	0.000910251	0.000363302	0.000121093	3.27014e-05	6.90857e-06	1.23116e-06	
736869	5.10688e-05	0.000974345	0.00433004	0.011732	0.0243344	0.0423614	0.0647057	0.0884643	0.108737	0.119895	0.118718	0.1068	0.0891248	0.0703091	0.0527315	0.0373476	0.0247778	0.0153763	0.00897741	0.00498164	0.00265679	0.00137194	0.000684515	0.000325408	0.000144177	5.80901e-05	2.07638e-05	6.41917e-06	1.66976e-06	3.54318e-07	5.92021e-08	8.16205e-09	
746869	0.000233401	0.00247043	0.00819094	0.0187129	0.0348332	0.0561023	0.0801695	0.10271	0.118417	0.123014	0.115346	0.0981351	0.0766367	0.0560226	0.0392635	0.0267772	0.0176671	0.0110805	0.00654466	0.00366728	0.00198247	0.00104478	0.000533248	0.000258308	0.000115924	4.70937e-05	1.69278e-05	5.25494e-06	1.37136e-06	2.91763e-07	4.88569e-08	6.74977e-09	
756869	6.15565e-07	8.91286e-06	4.10158e-05	0.000133996	0.000373625	0.000954551	0.0022911	0.00516823	0.0108441	0.0209156	0.0367464	0.0584511	0.0838241	0.108011	0.124722	0.128862	0.119117	0.098842	0.0743974	0.0516436	0.0334653	0.0202039	0.011221	0.0056551	0.00256011	0.00103218	0.00036625	0.0001122	2.88684e-05	6.02887e-06	9.83318e-07	1.30445e-07	
766869	4.14423e-06	6.87214e-05	0.000378843	0.00137618	0.00387766	0.0090975	0.0183376	0.0321347	0.0492703	0.0669073	0.0824008	0.0947274	0.103345	0.106488	0.10217	0.0905478	0.0742556	0.0567356	0.0406833	0.0275326	0.0176287	0.0106432	0.00599201	0.00309124	0.00143264	0.000585069	0.000206691	6.19806e-05	1.54457e-05	3.11945e-06	4.95309e-07	6.46761e-08	
776869	8.69994e-05	0.00092807	0.00318639	0.00782964	0.0162009	0.0295184	0.0477952	0.0687882	0.088052	0.100674	0.103854	0.0984078	0.0879064	0.0761666	0.0652141	0.0551445	0.0453469	0.0356014	0.026305	0.0181159	0.0115471	0.00676792	0.00362084	0.00175275	0.000760115	0.000292191	9.84151e-05	2.86413e-05	7.06593e-06	1.43866e-06	2.3334e-07	3.14476e-08	
786869	9.85075e-08	1.43169e-06	6.64002e-06	2.18311e-05	6.08427e-05	0.000154524	0.000371202	0.000860108	0.00193456	0.00420269	0.00870262	0.0168881	0.0302099	0.0491777	0.0723492	0.0961768	0.116049	0.127649	0.127822	0.11543	0.0926284	0.0650592	0.0395066	0.0205703	0.00915136	0.00348085	0.001133	0.000313866	7.28209e-05	1.37976e-05	2.06937e-06	2.55534e-07	
796869	1.50417e-06	2.23592e-05	0.000111756	0.000412366	0.00130654	0.00368015	0.00920413	0.0202241	0.0386486	0.0638066	0.0907986	0.111753	0.120204	0.115035	0.100409	0.0822982	0.065115	0.0506697	0.0389802	0.0294355	0.0215079	0.0149585	0.00974643	0.00586128	0.00320615	0.0015708	0.000677244	0.000251612	7.85589e-05	2.00155e-05	4.02169e-06	6.84694e-07	
806869	9.85631e-07	1.19873e-05	4.69706e-05	0.000131513	0.00031448	0.000690713	0.00144771	0.00295777	0.00594066	0.0116727	0.0219981	0.038545	0.0608773	0.0850422	0.104768	0.114903	0.114065	0.104531	0.0900775	0.0738299	0.0575949	0.0424254	0.029183	0.0185378	0.0107474	0.00560438	0.002579	0.00102267	0.000339802	9.16406e-05	1.93494e-05	3.44716e-06	
816869	0.000188028	0.00199714	0.00664769	0.015273	0.0286914	0.0469084	0.0686311	0.0910698	0.110291	0.122147	0.123481	0.113271	0.0934804	0.0689961	0.0457367	0.0277515	0.0158834	0.00884011	0.0048896	0.00271373	0.00150442	0.000818589	0.000427225	0.000209263	9.43355e-05	3.83879e-05	1.38089e-05	4.28889e-06	1.11975e-06	2.38328e-07	3.99224e-08	5.51706e-09	
826869	5.03874e-05	0.000533185	0.00187445	0.00495613	0.0114971	0.0237584	0.0431182	0.0681974	0.0942079	0.11455	0.123794	0.120017	0.105322	0.0846832	0.0635911	0.0456744	0.0320279	0.0221647	0.0151357	0.010104	0.0064952	0.00395236	0.0022391	0.00116307	0.000545974	0.000228235	8.35961e-05	2.63166e-05	6.95278e-06	1.49628e-06	2.52874e-07	3.50737e-08	
836869	5.19498e-06	5.72094e-05	0.000202469	0.000512121	0.00110975	0.00221946	0.00424933	0.00790771	0.0143087	0.0249504	0.0413544	0.0640866	0.0911409	0.116682	0.132267	0.131412	0.114426	0.0885479	0.062648	0.0418283	0.0267504	0.0162212	0.00911543	0.00464496	0.00210997	0.000841664	0.000290207	8.49396e-05	2.06671e-05	4.08111e-06	6.35686e-07	8.1728e-08	
846869	6.01441e-07	7.40964e-06	2.97171e-05	8.59926e-05	0.000214018	0.000490398	0.00106864	0.0022504	0.00460896	0.00917608	0.0176521	0.032443	0.0559965	0.0885922	0.12464	0.151148	0.154321	0.131657	0.0951523	0.0602233	0.0346891	0.018644	0.00940809	0.00443513	0.00193121	0.000763049	0.00026716	8.06172e-05	2.03398e-05	4.15322e-06	6.62621e-07	8.61539e-08	
856869	2.39044e-05	0.000269129	0.000960252	0.00239299	0.00493851	0.00899503	0.0148957	0.022786	0.0325095	0.0435531	0.0550851	0.0660712	0.0754274	0.0821754	0.0855935	0.0853559	0.08162	0.0749789	0.0662396	0.0561724	0.0454458	0.0347351	0.0247829	0.0162886	0.00971811	0.00517622	0.00241462	0.00096479	0.000321762	8.69168e-05	1.83642e-05	3.27262e-06	
866869	5.93482e-07	1.65969e-05	0.000110109	0.000445482	0.00138169	0.00360322	0.00826047	0.0170092	0.0316686	0.0530914	0.0793521	0.104753	0.121633	0.124592	0.113829	0.0946429	0.0736137	0.0550197	0.0401271	0.0285401	0.019562	0.0127247	0.00774511	0.00435777	0.00224027	0.00103865	0.000427234	0.000152675	4.61647e-05	1.14416e-05	2.23983e-06	3.69724e-07	
876869	7.35282e-06	8.99543e-05	0.000385746	0.00122453	0.00323372	0.00728989	0.0141851	0.024081	0.0361364	0.0487426	0.0603267	0.0700669	0.0778676	0.0836883	0.0869914	0.0868955	0.0828406	0.0751018	0.0647371	0.0531194	0.0414779	0.0307025	0.021367	0.0138069	0.00815236	0.00431693	0.00200743	0.00080071	0.000266768	7.20108e-05	1.52062e-05	2.70826e-06	
886869	0.000304191	0.00259269	0.00691867	0.0128177	0.0196911	0.0269536	0.0341491	0.040997	0.0473636	0.0531913	0.0584244	0.0629588	0.0666194	0.0691632	0.0703049	0.0697614	0.0673104	0.0628582	0.0565019	0.0485716	0.039632	0.0304248	0.0217501	0.0143064	0.00853792	0.00454808	0.0021217	0.000847775	0.000282745	7.63793e-05	1.61383e-05	2.87606e-06	
896869	0.00162087	0.0081751	0.014418	0.0198018	0.0248355	0.0298687	0.0350628	0.0404333	0.0458764	0.0512092	0.0562097	0.060639	0.0642443	0.0667546	0.0678879	0.0673767	0.0650141	0.0607148	0.0545753	0.0469153	0.0382804	0.0293871	0.0210081	0.0138183	0.0082466	0.00439288	0.00204929	0.000818835	0.000273092	7.37711e-05	1.55871e-05	2.7778e-06	
906869	0.0032548	0.0155325	0.0244966	0.0292373	0.0320814	0.034687	0.0377333	0.0413291	0.045336	0.0495288	0.0536546	0.057445	0.0606137	0.0628576	0.0638695	0.0633673	0.0611384	0.0570937	0.0513199	0.0441167	0.0359969	0.0276341	0.0197551	0.0129942	0.00775482	0.00413095	0.00192712	0.000770032	0.00025682	6.93769e-05	1.4659e-05	2.61249e-06	
916869	0.00158047	0.00779064	0.0138406	0.019595	0.0253661	0.0310792	0.0366104	0.0419197	0.047011	0.0518675	0.0564097	0.0604793	0.0638436	0.0662153	0.0672833	0.066755	0.0644073	0.0601465	0.0540641	0.0464759	0.037922	0.029112	0.0208116	0.0136892	0.00816959	0.0043519	0.0020302	0.000811218	0.000270556	7.30875e-05	1.5443e-05	2.7522e-06	
926869	0.00046735	0.00391271	0.0101695	0.0181889	0.0267604	0.0348631	0.0418715	0.0475519	0.0519444	0.0552557	0.0577899	0.0598667	0.0617026	0.0632879	0.0643324	0.0643257	0.0627112	0.0591038	0.0534544	0.0460913	0.0376417	0.0288935	0.0206476	0.0135768	0.00810046	0.00431414	0.00201214	0.000803817	0.000268018	7.23813e-05	1.5289e-05	2.72369e-06	
936869	2.74916e-05	0.000337486	0.00129625	0.00339582	0.00716774	0.0130112	0.0209928	0.0307173	0.0413944	0.0520877	0.0619535	0.0703175	0.0766348	0.0804686	0.0815357	0.0797672	0.075333	0.068617	0.0601605	0.0505958	0.0405912	0.0308139	0.0218955	0.0143697	0.0085754	0.00457221	0.00213526	0.000853948	0.000284978	7.70108e-05	1.6275e-05	2.90074e-06	
946869	1.5943e-06	2.04505e-05	8.69193e-05	0.000267072	0.000697131	0.00163594	0.003529	0.00703807	0.0129406	0.0218192	0.033619	0.0473749	0.0614699	0.0744265	0.0856122	0.0950432	0.102238	0.105168	0.100732	0.0871881	0.066643	0.0444731	0.0258559	0.0131103	0.00579308	0.00222019	0.000731734	0.000205174	4.83505e-05	9.41923e-06	1.4772e-06	1.94868e-07	
956869	3.55465e-06	4.14779e-05	0.000155582	0.000415824	0.000944513	0.00195342	0.00380386	0.00709894	0.0128165	0.0224695	0.0381407	0.0618092	0.0930289	0.125498	0.146876	0.146137	0.123297	0.0896111	0.0576337	0.0336499	0.0181319	0.0091036	0.00428475	0.00189149	0.000776649	0.000291702	9.80481e-05	2.87671e-05	7.1652e-06	1.46806e-06	2.38619e-07	3.21315e-08	
966869	5.78076e-07	7.51617e-06	3.45517e-05	0.000117666	0.000335702	0.000829855	0.00180242	0.00346946	0.00596357	0.0092375	0.0130639	0.0171894	0.021575	0.0265474	0.0327225	0.0407783	0.0513427	0.0650344	0.08215	0.101339	0.117679	0.122891	0.110589	0.0831252	0.0512791	0.025772	0.0105191	0.00346881	0.000913465	0.000188291	2.96019e-05	3.72448e-06	
976869	1.07767e-05	0.000137266	0.00058378	0.00174014	0.00419247	0.00860198	0.0154376	0.0245967	0.0350293	0.0447886	0.0520896	0.0567997	0.0605558	0.0652164	0.0714475	0.0784031	0.0839519	0.085267	0.0802424	0.0691734	0.0548259	0.040445	0.0279709	0.0180272	0.010653	0.00565395	0.00263535	0.00105318	0.000351374	9.49434e-05	2.00624e-05	3.575e-06	
986869	0.000109507	0.00125067	0.00426698	0.00971032	0.0176557	0.0275676	0.0383378	0.0485207	0.0567819	0.0624389	0.0656886	0.0672512	0.0678173	0.0677602	0.067094	0.0655503	0.062748	0.0583919	0.0524155	0.0450374	0.0367424	0.0282049	0.0201626	0.013262	0.00791451	0.00421596	0.00196675	0.00078586	0.000262096	7.08014e-05	1.49598e-05	2.66608e-06	
996869	7.4465e-06	0.000103265	0.000445418	0.00132894	0.00326942	0.00708522	0.0139262	0.0251365	0.0417969	0.063854	0.089054	0.112423	0.127315	0.128322	0.114594	0.0909328	0.0650997	0.0432833	0.0276689	0.0174552	0.0109754	0.00684737	0.00417685	0.00243989	0.00133346	0.000665673	0.00029612	0.000114338	3.72342e-05	9.90285e-06	2.07393e-06	3.68368e-07	
1.00687e+06	0.000355469	0.00356232	0.0110722	0.023441	0.0399459	0.0582424	0.0747602	0.0859421	0.0897787	0.0866686	0.0789848	0.0696741	0.0609048	0.0535536	0.0475187	0.0423076	0.037442	0.0326076	0.0276751	0.0226813	0.0177876	0.0132218	0.00921566	0.00594834	0.00350343	0.00185051	0.000859062	0.000342432	0.000114109	3.0826e-05	6.51663e-06	1.16236e-06	
1.01687e+06	2.20539e-06	2.4753e-05	8.92863e-05	0.00022937	0.000500497	0.000994293	0.00186154	0.00334733	0.0058393	0.00991996	0.0163906	0.026192	0.0401067	0.0581643	0.0788774	0.0988109	0.11322	0.117998	0.111825	0.0967351	0.076756	0.0560783	0.0377945	0.0234454	0.0132785	0.00676983	0.00304866	0.00118501	0.000386997	0.000102939	2.15171e-05	3.80575e-06	
1.02687e+06	1.73768e-07	2.33601e-06	1.01098e-05	3.12718e-05	8.27959e-05	0.000202303	0.000474644	0.00109037	0.0024604	0.00540122	0.0113392	0.0223222	0.0404364	0.0663123	0.0971398	0.125734	0.142569	0.140919	0.121453	0.0916793	0.0609462	0.0358664	0.0188015	0.00884559	0.00375617	0.00143894	0.000492326	0.000147227	3.72733e-05	7.69051e-06	1.24141e-06	1.62903e-07	
1.03687e+06	4.80759e-06	7.13336e-05	0.000316858	0.000940618	0.00223006	0.0045236	0.00811659	0.0131207	0.0193262	0.0261498	0.032762	0.0384385	0.0430169	0.0471175	0.0518381	0.0581068	0.0661857	0.0754789	0.0844231	0.0904449	0.0904326	0.0821574	0.066152	0.0463077	0.0278962	0.0144511	0.00645509	0.00247433	0.000798569	0.000210541	4.37235e-05	7.69671e-06	
1.04687e+06	1.02037e-05	0.0001416	0.00062966	0.00192069	0.0047198	0.00993548	0.0184298	0.0305228	0.0454167	0.0610005	0.0744567	0.0834809	0.087248	0.0864097	0.0823217	0.0762695	0.0691274	0.0613523	0.0531162	0.044503	0.0357027	0.0271025	0.0192268	0.0125791	0.00747969	0.0039751	0.001852	0.000739604	0.000246657	6.6648e-05	1.40882e-05	2.51223e-06	
1.05687e+06	5.25068e-07	7.75262e-06	3.52346e-05	0.000110182	0.00028403	0.000648776	0.00136283	0.00269227	0.00507578	0.00921578	0.0161638	0.0272772	0.0438123	0.0659676	0.0916033	0.115532	0.130617	0.131093	0.11633	0.091592	0.0645989	0.0411758	0.0237252	0.0122397	0.00557698	0.00221603	0.000758994	0.000221046	5.37408e-05	1.06427e-05	1.66448e-06	2.14498e-07	
1.06687e+06	3.28435e-05	0.000351243	0.0012009	0.00287428	0.00568919	0.0099198	0.0157312	0.0231441	0.032019	0.0420239	0.0525852	0.0628868	0.0719726	0.0789279	0.0830569	0.0839879	0.0816858	0.0763968	0.0685745	0.0588325	0.0479326	0.0367672	0.0262753	0.0172812	0.010313	0.00549367	0.00256282	0.00102403	0.000341523	9.22556e-05	1.94923e-05	3.47366e-06	
1.07687e+06	6.49894e-05	0.000700176	0.00242491	0.00594081	0.0121533	0.0219733	0.0358647	0.0532184	0.0718987	0.0884651	0.0992842	0.102068	0.0968805	0.0859378	0.07241	0.0590496	0.0474127	0.0378713	0.0301029	0.0236094	0.018022	0.013184	0.00910036	0.00583516	0.00341916	0.00179828	0.000831908	0.000330772	0.000110072	2.97312e-05	6.29165e-06	1.12491e-06	
1.08687e+06	0.000128105	0.00125573	0.00385922	0.00820827	0.0143558	0.0220635	0.0308142	0.0399523	0.0489212	0.0574609	0.0656135	0.0735195	0.0810898	0.0876118	0.0914598	0.0903817	0.0827167	0.0689114	0.051811	0.0351429	0.0215956	0.0120818	0.0061809	0.00290056	0.00124638	0.000484973	0.000167319	4.97993e-05	1.24063e-05	2.50653e-06	3.97088e-07	5.15128e-08	
1.09687e+06	2.55164e-05	0.000409522	0.00189003	0.00571613	0.0136471	0.0275814	0.0485396	0.0749913	0.101538	0.120051	0.124172	0.11396	0.0955815	0.0760572	0.058937	0.044545	0.0323875	0.0224174	0.0148133	0.00945961	0.00587986	0.0035273	0.00200176	0.00105094	0.000499737	0.000210822	7.72274e-05	2.40029e-05	6.17128e-06	1.2761e-06	2.05625e-07	2.70335e-08	
1.10687e+06	4.66386e-07	5.52249e-06	2.17688e-05	6.29073e-05	0.000157043	0.000357754	0.000759278	0.00151383	0.0028466	0.00506326	0.00854805	0.0137499	0.0211346	0.0310548	0.0435303	0.0580736	0.0737153	0.0891088	0.102423	0.111113	0.112195	0.103518	0.0855368	0.0620631	0.0388363	0.0206382	0.00920127	0.00341028	0.00104209	0.000259353	5.14053e-05	8.75145e-06	
1.11687e+06	4.95471e-06	5.4878e-05	0.000194115	0.0004853	0.00102192	0.00194289	0.00345576	0.00586949	0.00962641	0.0153046	0.0235493	0.0349	0.0494879	0.0665912	0.0841922	0.0989941	0.107374	0.107036	0.0982525	0.0837094	0.066979	0.0507854	0.036433	0.0243985	0.0149444	0.00818443	0.00391447	0.00159452	0.000538031	0.000145777	3.06259e-05	5.37175e-06	
