6869	4.46818e-07	5.36416e-06	2.13657e-05	6.24565e-05	0.000158659	0.000371189	0.00081732	0.00170601	0.00338019	0.0063523	0.0113097	0.0190599	0.0303747	0.0456652	0.0644452	0.0848452	0.103786	0.117828	0.123708	0.118589	0.101519	0.0756446	0.0479633	0.0254572	0.0112071	0.00408494	0.0012392	0.000316002	6.82863e-05	1.24378e-05	1.8572e-06	2.34705e-07	
16869	0.000187165	0.0184336	0.111695	0.209461	0.174905	0.100132	0.0718789	0.0635119	0.0558082	0.0469186	0.0381497	0.0302416	0.0233194	0.0173914	0.0125313	0.00877476	0.00602088	0.0040627	0.00268113	0.00170853	0.00103552	0.00058865	0.000310045	0.000149636	6.54484e-05	2.56328e-05	8.86134e-06	2.65499e-06	6.73273e-07	1.40241e-07	2.314e-08	3.16141e-09	
26869	0.00204054	0.0430626	0.161664	0.267869	0.210466	0.101278	0.0512561	0.0342266	0.026118	0.020771	0.016833	0.0138854	0.0116247	0.009764	0.00808774	0.00649477	0.00498685	0.00362263	0.00246969	0.00157076	0.000928727	0.000509945	0.000260168	0.000123264	5.39307e-05	2.14976e-05	7.64336e-06	2.36063e-06	6.14849e-07	1.30752e-07	2.1899e-08	3.02706e-09	
36869	3.38429e-05	0.0017867	0.0163495	0.0579966	0.0938178	0.100303	0.0942871	0.0895911	0.0914205	0.0942914	0.0915427	0.080878	0.0643117	0.0462131	0.0305189	0.0189976	0.0114585	0.00684309	0.00407575	0.00240179	0.00137995	0.00076218	0.000399509	0.000196017	8.85745e-05	3.61662e-05	1.30585e-05	4.07004e-06	1.06582e-06	2.27424e-07	3.8177e-08	5.28649e-09	
46869	0.000459093	0.0143373	0.0700014	0.164811	0.240428	0.236195	0.153121	0.0670524	0.0245215	0.0101513	0.00555846	0.00376103	0.00278215	0.00209368	0.00155234	0.00111701	0.000773819	0.00051397	0.000326799	0.000198897	0.000115839	6.4393e-05	3.39323e-05	1.67496e-05	7.61813e-06	3.13011e-06	1.13644e-06	3.55869e-07	9.35576e-08	2.00288e-08	3.37137e-09	4.68034e-10	
56869	0.000163668	0.00166326	0.00677398	0.0249263	0.0790199	0.164553	0.214346	0.184133	0.118249	0.0678991	0.0405806	0.026968	0.0197187	0.0150589	0.0114625	0.00846857	0.00599556	0.00404172	0.0025846	0.0015642	0.000895029	0.000484203	0.000247391	0.000118688	5.27828e-05	2.13389e-05	7.65931e-06	2.37843e-06	6.21282e-07	1.32328e-07	2.21832e-08	3.06819e-09	
66869	5.53627e-05	0.00507243	0.046018	0.197472	0.242493	0.142366	0.0957734	0.0751742	0.0575802	0.0410691	0.0277611	0.0186497	0.0129883	0.00947843	0.00716759	0.00553597	0.00431177	0.0033422	0.00254186	0.00187003	0.00131307	0.000868694	0.000534409	0.000301397	0.00015338	6.91721e-05	2.70822e-05	8.99056e-06	2.46332e-06	5.40119e-07	9.1497e-08	1.25327e-08	
76869	0.00026048	0.00681379	0.0677201	0.333576	0.368385	0.144105	0.0483118	0.0170608	0.00665411	0.0029888	0.00153235	0.000871705	0.00054371	0.000364388	0.000254775	0.0001811	0.000128482	8.97724e-05	6.11204e-05	4.01607e-05	2.52257e-05	1.4994e-05	8.33994e-06	4.28643e-06	2.00652e-06	8.41361e-07	3.10005e-07	9.81623e-08	2.60331e-08	5.61245e-09	9.50174e-10	1.32611e-10	
86869	0.000295237	0.00748741	0.0749602	0.366245	0.367405	0.109195	0.0374095	0.0168922	0.00834401	0.00442941	0.00250887	0.0015192	0.000984188	0.000675573	0.000483092	0.00035315	0.000259292	0.00018836	0.0001337	9.17103e-05	6.01424e-05	3.72823e-05	2.15767e-05	1.1497e-05	5.55211e-06	2.38696e-06	8.95196e-07	2.86183e-07	7.5967e-08	1.62522e-08	2.70881e-09	3.68578e-10	
96869	0.000747424	0.0131505	0.101039	0.406772	0.374116	0.0832014	0.0134733	0.00364323	0.00151148	0.00079074	0.00047554	0.000313472	0.000219507	0.000159075	0.00011686	8.57291e-05	6.21154e-05	4.40522e-05	3.03271e-05	2.00993e-05	1.27112e-05	7.59712e-06	4.2446e-06	2.18958e-06	1.02806e-06	4.32162e-07	1.59566e-07	5.06151e-08	1.34433e-08	2.9019e-09	4.91814e-10	6.87106e-11	
106869	1.51537e-05	0.00146766	0.0381684	0.261047	0.360144	0.19376	0.0812456	0.0293984	0.0124388	0.00664102	0.00419171	0.00293408	0.00218587	0.00168517	0.00131483	0.00101902	0.000772457	0.000565527	0.000395643	0.000261991	0.000162742	9.40068e-05	5.00693e-05	2.43808e-05	1.07567e-05	4.25444e-06	1.48764e-06	4.51256e-07	1.15813e-07	2.43765e-08	4.05563e-09	5.57947e-10	
116869	0.00013164	0.00151727	0.00854524	0.075343	0.222401	0.261822	0.208063	0.117118	0.0549305	0.0248647	0.0115444	0.00565262	0.00301062	0.00176312	0.00111731	0.000744111	0.000506094	0.000343755	0.000229387	0.000148474	9.21771e-05	5.42838e-05	2.9969e-05	1.53096e-05	7.13081e-06	2.97769e-06	1.09337e-06	3.45213e-07	9.13305e-08	1.96498e-08	3.32094e-09	4.62736e-10	
126869	7.22669e-08	1.49529e-06	1.0407e-05	7.0876e-05	0.000457906	0.00162059	0.00387897	0.00740661	0.0128395	0.0209608	0.0323689	0.0476233	0.066579	0.0869607	0.104123	0.113113	0.111537	0.100767	0.0846354	0.0670353	0.0504352	0.035893	0.0237997	0.0143943	0.00775904	0.00364027	0.00145082	0.000478976	0.000127579	2.6658e-05	4.23853e-06	5.34869e-07	
136869	7.8721e-05	0.00176281	0.00789444	0.0218659	0.0477943	0.0851998	0.123138	0.145862	0.142322	0.117803	0.0895045	0.0670989	0.0500157	0.0360557	0.0246545	0.0159181	0.00976336	0.0057677	0.00333545	0.00190827	0.00107871	0.000594823	0.000313922	0.000155372	7.07033e-05	2.90013e-05	1.04995e-05	3.27754e-06	8.5911e-07	1.83434e-07	3.08064e-08	4.26743e-09	
146869	0.00575504	0.037832	0.074593	0.0995814	0.108957	0.100998	0.0820511	0.0682433	0.0632747	0.060253	0.0559455	0.0500658	0.0430225	0.0357852	0.0291926	0.0235176	0.0186362	0.0143437	0.0105487	0.00729645	0.00468282	0.00275689	0.00147469	0.000711281	0.000307539	0.000118557	4.04236e-05	1.20137e-05	3.03923e-06	6.33707e-07	1.04776e-07	1.43433e-08	
156869	2.22222e-07	3.78921e-06	2.12736e-05	9.74162e-05	0.000433474	0.00168097	0.00511795	0.012043	0.022781	0.0371807	0.0554322	0.0758804	0.094067	0.106011	0.110361	0.107526	0.098514	0.0846445	0.0676369	0.0496428	0.0330011	0.0196267	0.0103632	0.00484915	0.00201404	0.000742007	0.000240482	6.74334e-05	1.59996e-05	3.12791e-06	4.87952e-07	6.33489e-08	
166869	2.32086e-05	0.000418324	0.00268675	0.0107744	0.0305363	0.0658948	0.112793	0.155007	0.170674	0.1524	0.114186	0.074972	0.0451593	0.0261623	0.0152043	0.00907859	0.00557296	0.00346421	0.00213801	0.00128804	0.000748223	0.000415151	0.000217933	0.000106957	4.83293e-05	1.97336e-05	7.12594e-06	2.22136e-06	5.818e-07	1.24161e-07	2.08444e-08	2.88659e-09	
176869	1.1025e-07	2.2151e-06	1.23793e-05	4.53929e-05	0.000133399	0.000340276	0.000783722	0.00166646	0.00331821	0.00625521	0.0112797	0.019646	0.0331844	0.0538105	0.0815151	0.11142	0.133636	0.139001	0.126196	0.101803	0.0740372	0.0485471	0.0283872	0.0146205	0.00657749	0.00257371	0.000873087	0.000254928	6.3002e-05	1.28019e-05	2.05643e-06	2.7081e-07	
186869	8.19583e-05	0.00144412	0.00819535	0.0308112	0.0842777	0.162244	0.211743	0.193457	0.136009	0.0805133	0.04279	0.0216719	0.0111231	0.00606841	0.00356517	0.00221555	0.00141907	0.000917451	0.000589365	0.000371044	0.000225869	0.000131158	7.16607e-05	3.63161e-05	1.68084e-05	6.98307e-06	2.55341e-06	8.03432e-07	2.11953e-07	4.54934e-08	7.67339e-09	1.0672e-09	
196869	3.34138e-05	0.000389541	0.00191161	0.00882528	0.0301619	0.0683668	0.106024	0.125638	0.131193	0.125998	0.108467	0.0839395	0.0605693	0.0427534	0.0306861	0.0226489	0.0169317	0.0125041	0.00891142	0.00601215	0.00378037	0.00218743	0.00115269	0.00054865	0.000234389	8.93664e-05	3.01664e-05	8.88653e-06	2.23149e-06	4.62472e-07	7.60859e-08	1.0368e-08	
206869	4.79977e-06	5.95674e-05	0.000236073	0.000661415	0.00156412	0.00335645	0.0067829	0.0131251	0.0243118	0.0425317	0.0688228	0.100688	0.130427	0.147114	0.14287	0.11885	0.0850038	0.0531725	0.0299654	0.0157046	0.00784196	0.00378631	0.00177563	0.000802031	0.000341953	0.000134046	4.69887e-05	1.43212e-05	3.68513e-06	7.75342e-07	1.28667e-07	1.76292e-08	
216869	0.00198924	0.0216077	0.080484	0.188106	0.265306	0.224879	0.123251	0.0510772	0.0203031	0.00919427	0.00481554	0.00283369	0.00183518	0.0012766	0.000924309	0.000676545	0.000490354	0.00034715	0.000237551	0.000155592	9.65906e-05	5.62648e-05	3.04405e-05	1.51345e-05	6.83545e-06	2.76717e-06	9.87818e-07	3.04677e-07	7.91714e-08	1.68132e-08	2.81544e-09	3.89447e-10	
226869	3.1507e-06	0.000121528	0.00170626	0.0106588	0.0298501	0.0482819	0.0596821	0.0689574	0.0786337	0.0883555	0.097023	0.10188	0.0998287	0.0896975	0.0734775	0.0551645	0.038367	0.0249561	0.0152549	0.00877925	0.00476758	0.00244991	0.00119147	0.000545401	0.00023223	9.04032e-05	3.14794e-05	9.55492e-06	2.45468e-06	5.16439e-07	8.57633e-08	1.17637e-08	
236869	2.69836e-05	0.00076684	0.00491809	0.0195655	0.0583372	0.127686	0.194386	0.203795	0.156045	0.0983469	0.0572866	0.0325935	0.0185048	0.0107079	0.00642627	0.00400106	0.0025438	0.00162014	0.00101872	0.00062589	0.000372281	0.000212121	0.0001143	5.73742e-05	2.63816e-05	1.09093e-05	3.97507e-06	1.24732e-06	3.28324e-07	7.03426e-08	1.18467e-08	1.64526e-09	
246869	5.53219e-07	6.37002e-06	2.36405e-05	6.28616e-05	0.000144353	0.000313931	0.000674925	0.00140902	0.00280661	0.00541266	0.0102185	0.0188092	0.0333172	0.0557151	0.0859295	0.119061	0.144358	0.150031	0.132479	0.0999147	0.0654078	0.0379354	0.0198678	0.00951131	0.00416163	0.00164067	0.000568527	0.000168126	4.11731e-05	8.10963e-06	1.24775e-06	1.57007e-07	
256869	3.96345e-06	4.6731e-05	0.000176876	0.000474754	0.0010737	0.0021842	0.00412059	0.00732284	0.0123661	0.0199523	0.0308489	0.0456807	0.0644445	0.0856938	0.105761	0.119107	0.120717	0.109388	0.0889072	0.0657568	0.0452883	0.0296732	0.0186242	0.0110782	0.00611885	0.00306874	0.00136618	0.000526864	0.000171166	4.5363e-05	9.45224e-06	1.66541e-06	
266869	3.07692e-07	4.78612e-06	2.32732e-05	7.88778e-05	0.000222603	0.00056006	0.0012967	0.00280601	0.00571589	0.0109878	0.0199316	0.0340658	0.0546737	0.0817875	0.11239	0.138758	0.1499	0.138194	0.106852	0.0691964	0.0383896	0.0190536	0.00881838	0.00386178	0.0015784	0.000587289	0.000194121	5.56954e-05	1.35319e-05	2.70578e-06	4.30394e-07	5.68352e-08	
276869	1.41009e-06	6.34718e-05	0.000488072	0.00210617	0.00669331	0.0174051	0.0386529	0.0735173	0.117077	0.152047	0.159243	0.136374	0.0994869	0.065817	0.0423451	0.0279689	0.0193031	0.0136997	0.00973383	0.00677981	0.0045655	0.00293844	0.00178476	0.00100751	0.00051933	0.000239661	9.68843e-05	3.34856e-05	9.62661e-06	2.23078e-06	4.01918e-07	5.93587e-08	
286869	1.21784e-05	0.00025639	0.00161798	0.00658055	0.0205877	0.0520077	0.104924	0.163856	0.193467	0.172786	0.120896	0.0713389	0.0390969	0.0215603	0.0123827	0.00738711	0.00450692	0.00276922	0.00169169	0.00101599	0.000593453	0.000333257	0.000177526	8.83322e-05	4.03482e-05	1.66008e-05	6.02524e-06	1.88471e-06	4.94837e-07	1.05796e-07	1.77866e-08	2.46621e-09	
296869	8.22475e-05	0.000862585	0.00290381	0.00694702	0.0140501	0.0256385	0.0433934	0.0685365	0.0997092	0.129743	0.145803	0.138312	0.11132	0.07884	0.0517275	0.0327131	0.0202946	0.0123971	0.00742996	0.00433231	0.00243504	0.00130948	0.000668865	0.000321158	0.000142757	5.75991e-05	2.06188e-05	6.38553e-06	1.66399e-06	3.53682e-07	5.9184e-08	8.17166e-09	
306869	5.27163e-05	0.000596671	0.00214722	0.00541535	0.0113375	0.0209473	0.0350387	0.0535959	0.075143	0.096424	0.11293	0.120417	0.116743	0.102909	0.0826881	0.0610109	0.0417883	0.0267301	0.0159548	0.00891274	0.00471731	0.00239854	0.00117543	0.000548399	0.000238266	9.41238e-05	3.3029e-05	1.00503e-05	2.58138e-06	5.4254e-07	9.0017e-08	1.23397e-08	
316869	0.000186404	0.00268662	0.0108169	0.0283081	0.0574311	0.0950005	0.129965	0.148101	0.142303	0.118069	0.0878482	0.0613075	0.0415472	0.0276713	0.0180843	0.0116271	0.00741834	0.00470786	0.00294407	0.00178933	0.00104488	0.000580855	0.000304462	0.000148728	6.67512e-05	2.70637e-05	9.7167e-06	3.0177e-06	7.8884e-07	1.68178e-07	2.82072e-08	3.89888e-09	
326869	0.00356684	0.0274138	0.0646425	0.102853	0.130634	0.141034	0.133703	0.114004	0.0893977	0.0657089	0.0457736	0.030317	0.0191678	0.0117513	0.00718902	0.00450763	0.00291928	0.00193316	0.00128932	0.000854342	0.000555267	0.000349172	0.000209336	0.000117794	6.11827e-05	2.88037e-05	1.20428e-05	4.3693e-06	1.33961e-06	3.36642e-07	6.69377e-08	1.12955e-08	
336869	0.000543734	0.00651005	0.0261015	0.065184	0.113875	0.147066	0.146308	0.117609	0.0820122	0.0547018	0.0385131	0.030304	0.0264673	0.0244667	0.0228759	0.0210483	0.0187707	0.0160629	0.0130848	0.0100726	0.00727435	0.00489032	0.00303347	0.00171833	0.000877908	0.0003985	0.000157782	5.32875e-05	1.49458e-05	3.37372e-06	5.91046e-07	8.43396e-08	
346869	9.12751e-07	1.36441e-05	6.57799e-05	0.000232325	0.000724677	0.0020873	0.00544645	0.0124528	0.0244616	0.0413347	0.0613135	0.0820661	0.10053	0.112189	0.113449	0.104733	0.089799	0.0727691	0.0563691	0.0419055	0.0298247	0.0201793	0.0128534	0.00761974	0.00414986	0.0020455	0.000896297	0.000341531	0.000110163	2.9127e-05	6.08004e-06	1.07754e-06	
356869	1.82405e-08	2.1569e-07	8.30409e-07	2.32198e-06	5.67741e-06	1.3167e-05	3.03569e-05	7.15213e-05	0.000173819	0.00043213	0.00107671	0.00262382	0.00611185	0.0133419	0.0268272	0.0489082	0.0796488	0.114265	0.142609	0.153324	0.141208	0.111341	0.0754503	0.0442118	0.0225426	0.0100479	0.00391699	0.0013248	0.000380948	9.0147e-05	1.68343e-05	2.61303e-06	
366869	1.00706e-08	7.19367e-07	7.52644e-06	4.18786e-05	0.000168355	0.000552891	0.00157583	0.00401865	0.00927026	0.0192837	0.0357869	0.0585769	0.0839885	0.105461	0.116616	0.114854	0.102804	0.0861798	0.0698381	0.0557269	0.0437143	0.0331898	0.0238854	0.0159379	0.00964157	0.00516619	0.00239228	0.000932333	0.000297097	7.49777e-05	1.44617e-05	2.26462e-06	
376869	1.28659e-06	1.96864e-05	9.68567e-05	0.000332991	0.000942815	0.00233988	0.00524719	0.0108079	0.0206117	0.0364402	0.0594161	0.0883452	0.117838	0.138373	0.140789	0.123355	0.0939843	0.0640092	0.0405017	0.024631	0.0146136	0.00841447	0.00462743	0.00238588	0.00113166	0.000483609	0.000181801	5.85177e-05	1.56523e-05	3.36636e-06	5.61216e-07	7.57087e-08	
386869	3.59504e-05	0.0005815	0.00269626	0.00816572	0.0194557	0.0390233	0.0674861	0.100847	0.129169	0.14066	0.130627	0.106057	0.0788469	0.0562244	0.0393696	0.027217	0.0186368	0.0126797	0.0085455	0.00564116	0.00358806	0.00215998	0.00120933	0.000619217	0.000285167	0.000116104	4.10358e-05	1.23443e-05	3.09215e-06	6.29031e-07	1.00873e-07	1.33669e-08	
396869	5.30302e-06	6.12755e-05	0.000226512	0.000591892	0.00129957	0.00256118	0.0046771	0.00805533	0.0132253	0.0208254	0.0314978	0.04558	0.0625329	0.0803446	0.0955546	0.104466	0.105085	0.0981772	0.0863393	0.0721074	0.0570756	0.042368	0.0291419	0.018389	0.0105427	0.00542285	0.00245998	0.000962918	0.000316778	8.48936e-05	1.7868e-05	3.17933e-06	
406869	4.412e-05	0.000841134	0.00415971	0.0128296	0.029912	0.0564167	0.0885704	0.117425	0.132942	0.130385	0.113236	0.0897983	0.0672934	0.0489905	0.0351648	0.0249784	0.0174618	0.0118512	0.00768054	0.00468863	0.0026735	0.00141896	0.000700677	0.000321681	0.000136606	5.29928e-05	1.84054e-05	5.57779e-06	1.4317e-06	3.01106e-07	5.00042e-08	6.86061e-09	
416869	6.70731e-06	8.12349e-05	0.000316502	0.000880478	0.00208488	0.00448981	0.00905121	0.0172717	0.0311555	0.0524489	0.0806829	0.110894	0.133833	0.140517	0.128337	0.102931	0.0738009	0.0482924	0.0293124	0.0166438	0.0088677	0.00444269	0.0021	0.000938063	0.000393442	0.000152216	5.29248e-05	1.60565e-05	4.12083e-06	8.65617e-07	1.43495e-07	1.96451e-08	
426869	2.47341e-06	3.14579e-05	0.000127123	0.000359524	0.000843325	0.00174813	0.00330062	0.00578204	0.0095506	0.0151319	0.0232894	0.0346653	0.0487934	0.0636573	0.0770134	0.0879538	0.0964992	0.101946	0.102324	0.0956431	0.0816142	0.0624381	0.0421285	0.0247068	0.0124411	0.00532717	0.00192388	0.000580441	0.000144132	2.87851e-05	4.48015e-06	5.64684e-07	
436869	3.79861e-05	0.000388986	0.00126244	0.00287117	0.00544205	0.00918293	0.0142267	0.0205561	0.0279355	0.0359027	0.0438719	0.0513423	0.0581037	0.0642667	0.0700179	0.0752246	0.0792007	0.0808497	0.0790844	0.0732775	0.0635985	0.0511422	0.0377102	0.025245	0.0151859	0.00810811	0.00378187	0.0015098	0.000503047	0.000135754	2.86527e-05	5.09946e-06	
446869	1.49667e-05	0.000229726	0.0010905	0.00367822	0.0102617	0.0243464	0.0491412	0.0839208	0.120522	0.14522	0.147686	0.128985	0.0994578	0.0698516	0.0458501	0.0286465	0.0173015	0.0102424	0.00599177	0.00346224	0.0019615	0.00107744	0.000566467	0.000281017	0.000129409	5.42751e-05	2.02841e-05	6.59118e-06	1.81177e-06	4.08448e-07	7.29025e-08	1.09014e-08	
456869	1.41025e-07	4.36954e-06	4.03346e-05	0.000233714	0.000988345	0.00327073	0.00880523	0.0196833	0.0369275	0.0586265	0.079698	0.0945742	0.100753	0.099704	0.0946205	0.0876883	0.0792085	0.0686382	0.056013	0.0424195	0.0294952	0.0186644	0.010654	0.00543194	0.00244664	0.000962227	0.000326349	9.40815e-05	2.26248e-05	4.42603e-06	6.8211e-07	8.61437e-08	
466869	2.97061e-06	3.44377e-05	0.000131387	0.000368129	0.000897973	0.00201019	0.00419276	0.00817823	0.0149416	0.0255912	0.0410057	0.0610702	0.0837736	0.104889	0.118875	0.121295	0.111659	0.0937377	0.0727428	0.052667	0.0356348	0.0223621	0.0128044	0.00655233	0.00293773	0.00113582	0.000374433	0.000104428	2.44453e-05	4.73324e-06	7.37415e-07	9.62642e-08	
476869	1.95681e-06	2.34018e-05	9.05689e-05	0.000251736	0.000601056	0.0013267	0.00281125	0.00582024	0.0117789	0.0229598	0.0420141	0.0700402	0.103421	0.132414	0.145442	0.137386	0.113308	0.0833846	0.0557737	0.0342051	0.0192334	0.00988169	0.00463403	0.00199107	0.000788006	0.000287075	9.50242e-05	2.78552e-05	6.99122e-06	1.44712e-06	2.37392e-07	3.2208e-08	
486869	5.06751e-06	0.000106193	0.000542488	0.00172628	0.00426409	0.00892091	0.0165047	0.0276685	0.0426403	0.0608746	0.0806461	0.098798	0.111194	0.114346	0.107487	0.0930878	0.075164	0.057088	0.0407017	0.0268321	0.0160197	0.00853485	0.00405466	0.00174067	0.000686959	0.000250393	8.29962e-05	2.43052e-05	6.08161e-06	1.25478e-06	2.0536e-07	2.78188e-08	
496869	8.68347e-09	1.18221e-07	5.62794e-07	2.03838e-06	6.53506e-06	1.94634e-05	5.4996e-05	0.000149268	0.000392251	0.00100012	0.00245719	0.00571886	0.0123244	0.0240989	0.0422985	0.0666334	0.0945914	0.120889	0.137895	0.138904	0.122745	0.0949603	0.064275	0.0379708	0.0194714	0.00859111	0.00322072	0.00100897	0.000258549	5.27675e-05	8.3049e-06	1.04794e-06	
506869	1.3382e-06	3.89538e-05	0.00025602	0.00101891	0.00308349	0.00774336	0.0167983	0.0320987	0.0544864	0.0823335	0.110546	0.131331	0.137364	0.126027	0.101538	0.0726442	0.0473911	0.0293829	0.0180698	0.0112703	0.00707517	0.00435688	0.00255934	0.00140031	0.000698772	0.0003115	0.000121325	4.0279e-05	1.10838e-05	2.44872e-06	4.1882e-07	5.80251e-08	
516869	5.81071e-06	6.85851e-05	0.000257839	0.000681912	0.00150811	0.00298081	0.00544026	0.00934114	0.0152635	0.0238863	0.0358557	0.0514412	0.0699108	0.0888602	0.10424	0.11178	0.109251	0.0977467	0.0808722	0.062678	0.0460272	0.0322155	0.0214442	0.0134304	0.00777574	0.00407169	0.00188257	0.00074909	0.000249467	6.73959e-05	1.42545e-05	2.54483e-06	
526869	7.87776e-08	1.49161e-06	8.59898e-06	3.441e-05	0.000116135	0.000355173	0.00100401	0.00261102	0.00617008	0.0131035	0.0248413	0.041948	0.0632025	0.0853447	0.103916	0.114942	0.116549	0.109372	0.0955102	0.0774335	0.0577705	0.0392029	0.0238975	0.0129156	0.00610142	0.00248052	0.000853483	0.000244224	5.7074e-05	1.06854e-05	1.56805e-06	1.8885e-07	
536869	2.25867e-07	2.79749e-06	1.13884e-05	3.34822e-05	8.38927e-05	0.000189902	0.000397991	0.000780921	0.00144285	0.00252149	0.00419383	0.00670697	0.0104649	0.0161704	0.0249117	0.0379335	0.0558535	0.077572	0.0997837	0.117727	0.12664	0.123228	0.10711	0.0817394	0.0536817	0.02976	0.0137195	0.0052112	0.00162168	0.000409867	8.24725e-05	1.42966e-05	
546869	3.90975e-08	6.95206e-07	3.63205e-06	1.29458e-05	3.82991e-05	0.000101628	0.000250757	0.000584572	0.00129306	0.00270676	0.00533068	0.00981401	0.0168028	0.0266673	0.0392001	0.053488	0.068141	0.0817934	0.093432	0.102131	0.106437	0.10431	0.0942008	0.0766321	0.0548635	0.0337576	0.0174174	0.00734356	0.00246286	0.000639127	0.000124804	1.97267e-05	
556869	3.68288e-08	5.12767e-07	2.50362e-06	9.09499e-06	2.82721e-05	7.88899e-05	0.000202629	0.000487416	0.0011116	0.00241935	0.00502181	0.00986303	0.0181049	0.0306921	0.0477186	0.0680419	0.0893665	0.108436	0.121266	0.124106	0.115169	0.0959329	0.0709217	0.0459467	0.0257283	0.0122732	0.0049114	0.0016206	0.000432053	9.07908e-05	1.45903e-05	1.86841e-06	
566869	7.74971e-06	8.7012e-05	0.000316281	0.000823605	0.00182004	0.00361609	0.00659295	0.0110927	0.0172252	0.0246701	0.0326338	0.0401045	0.0463529	0.0513873	0.0560515	0.0616816	0.06941	0.0792336	0.0891454	0.0951191	0.0927916	0.0803979	0.0606559	0.0394322	0.0220487	0.0106392	0.00443872	0.00159202	0.00048313	0.000120913	2.41236e-05	4.11979e-06	
576869	2.19042e-07	3.74286e-06	2.66304e-05	0.000144536	0.000596744	0.00192179	0.00499043	0.010713	0.0194722	0.0309351	0.0446129	0.0602057	0.0769601	0.0930193	0.10568	0.112114	0.110147	0.0992041	0.0811047	0.0597971	0.0397249	0.0239011	0.0131268	0.0066113	0.00304405	0.00126793	0.000470254	0.000151989	4.16014e-05	9.30711e-06	1.63389e-06	2.35854e-07	
586869	2.60682e-05	0.000294848	0.00106144	0.00268201	0.00564074	0.0105202	0.0179056	0.0282019	0.0413667	0.0566079	0.0721877	0.0855632	0.0940564	0.0959448	0.0913566	0.0821892	0.0709935	0.0597412	0.0493398	0.0399066	0.0312934	0.0234535	0.0165373	0.0107951	0.0064161	0.00341063	0.00158948	0.000634847	0.000211702	5.71881e-05	1.20842e-05	2.15383e-06	
596869	9.01267e-05	0.00162206	0.00740279	0.0206234	0.0429814	0.0724795	0.102586	0.124289	0.130644	0.120797	0.100127	0.0764246	0.0555804	0.0399063	0.0290534	0.0216504	0.0163781	0.0123439	0.00907509	0.00638467	0.00422862	0.00259848	0.00146127	0.000741834	0.000335309	0.000133052	4.56836e-05	1.33677e-05	3.27642e-06	6.58082e-07	1.05167e-07	1.39878e-08	
606869	6.13941e-06	0.000104598	0.000499952	0.00156048	0.00386564	0.00820949	0.0155219	0.0266774	0.0421828	0.0617409	0.0837049	0.104631	0.119569	0.123784	0.115389	0.0968124	0.0735267	0.0510163	0.0325662	0.0191372	0.010324	0.0051225	0.00236232	0.00102592	0.000420705	0.000160429	5.53038e-05	1.66876e-05	4.26664e-06	8.93733e-07	1.47835e-07	2.02004e-08	
616869	3.3992e-05	0.000483258	0.00217827	0.00674936	0.0164979	0.0331288	0.0556531	0.0791982	0.0966895	0.103027	0.0983431	0.0872571	0.0751284	0.0650552	0.0575329	0.0516047	0.0459209	0.0393812	0.0315911	0.0230861	0.0150674	0.00869028	0.00442855	0.00201026	0.000821125	0.00030315	0.000100526	2.9398e-05	7.36537e-06	1.52471e-06	2.50478e-07	3.40643e-08	
626869	4.04452e-07	6.99475e-06	3.75988e-05	0.000140621	0.00043095	0.00113588	0.00261924	0.00533886	0.00973259	0.0161161	0.0247016	0.0357042	0.0492915	0.0651412	0.0817827	0.0964439	0.105989	0.108354	0.10318	0.0913683	0.074562	0.0551428	0.0361856	0.0206226	0.0100151	0.00408183	0.00138117	0.000385592	8.84824e-05	1.6562e-05	2.47865e-06	3.09212e-07	
636869	4.21081e-05	0.000441648	0.00146702	0.0034099	0.00659202	0.0113178	0.0177955	0.0260309	0.0357231	0.0462283	0.0566666	0.0661855	0.0742566	0.0807779	0.0858181	0.089088	0.0895024	0.08533	0.0752208	0.0596633	0.0415654	0.024989	0.0128636	0.00570167	0.00221802	0.00077386	0.000243406	6.77504e-05	1.61675e-05	3.19505e-06	5.04045e-07	6.61341e-08	
646869	2.48046e-06	5.06236e-05	0.000310742	0.00113864	0.00302293	0.0064253	0.0116752	0.0190991	0.0293103	0.0431868	0.0610537	0.0813288	0.0998586	0.111217	0.11171	0.101756	0.0853775	0.0674169	0.0511664	0.0378557	0.0273996	0.0192699	0.0129825	0.00822439	0.00479855	0.0025229	0.00116827	0.000464894	0.000154697	4.17348e-05	8.81068e-06	1.56896e-06	
656869	4.58841e-07	6.13628e-06	2.67017e-05	8.35297e-05	0.000222712	0.000538108	0.00120909	0.00255574	0.00510878	0.0096788	0.0173785	0.0294788	0.0468647	0.0689101	0.0922821	0.111193	0.120076	0.116967	0.104305	0.086473	0.067113	0.0485376	0.0323295	0.0195725	0.0106418	0.00514044	0.00218076	0.000800229	0.000248459	6.33375e-05	1.27695e-05	2.18045e-06	
666869	1.92398e-06	2.75334e-05	0.000123806	0.000388775	0.00101927	0.00239493	0.00521674	0.0106862	0.0205969	0.0369967	0.0609605	0.0905205	0.11921	0.137687	0.138892	0.122756	0.0958251	0.0666841	0.0417838	0.0238935	0.0126886	0.00635893	0.00302913	0.00136421	0.000571776	0.000218381	7.43154e-05	2.20099e-05	5.52652e-06	1.14081e-06	1.86691e-07	2.52996e-08	
676869	7.26776e-06	8.46891e-05	0.000314814	0.000825133	0.00181346	0.00357145	0.00650526	0.0111395	0.0180771	0.027874	0.0407881	0.0564057	0.0732734	0.0888437	0.100095	0.104726	0.102061	0.0929384	0.0791183	0.0629335	0.0468632	0.0327929	0.0215824	0.0132709	0.00751706	0.00385004	0.00174526	0.00068334	0.000224723	6.01203e-05	1.26169e-05	2.23636e-06	
686869	6.55958e-06	9.0497e-05	0.000384567	0.00112779	0.002738	0.00590037	0.011631	0.0212064	0.0357697	0.055425	0.0779681	0.0982933	0.110103	0.109822	0.0992439	0.0837908	0.0683898	0.0552536	0.0444839	0.035451	0.0275803	0.020592	0.0144956	0.00945555	0.00561777	0.0029853	0.00139079	0.000555296	0.000185111	4.9989e-05	1.05597e-05	1.8815e-06	
696869	3.57923e-06	3.99245e-05	0.000142543	0.000361396	0.000777724	0.0015271	0.00283924	0.00509608	0.00888813	0.0150027	0.0242307	0.0369312	0.0525216	0.0692814	0.084694	0.0961404	0.101667	0.100621	0.0937939	0.0828366	0.06942	0.0548564	0.0403083	0.0270424	0.016253	0.00859623	0.00393448	0.00153203	0.000497661	0.000131544	2.73893e-05	4.84e-06	
706869	1.16671e-05	0.000131105	0.000483137	0.00129858	0.00302836	0.00649047	0.0129867	0.0242279	0.0418103	0.0659726	0.0938373	0.118695	0.132496	0.130684	0.114777	0.0905413	0.0646281	0.0421698	0.0255601	0.0146312	0.00796448	0.00410415	0.00198582	0.000896656	0.00037535	0.000143921	4.95516e-05	1.49213e-05	3.81139e-06	7.98384e-07	1.32127e-07	1.8067e-08	
716869	1.00577e-05	0.00011495	0.00044252	0.00131432	0.00363868	0.00945768	0.0214855	0.0404223	0.0627382	0.0832092	0.0987228	0.107722	0.108938	0.102593	0.0908054	0.0762383	0.0609473	0.0462645	0.0331173	0.022183	0.0138194	0.00797762	0.00425663	0.00208957	0.000934347	0.000374296	0.000131417	3.94345e-05	9.84193e-06	1.98427e-06	3.13007e-07	4.03676e-08	
726869	1.54986e-05	0.000175599	0.000634374	0.00161664	0.0034618	0.00666807	0.0119341	0.0201345	0.0320772	0.0479199	0.066445	0.0847015	0.0985965	0.104573	0.101472	0.091201	0.07751	0.0637504	0.0515163	0.0409466	0.0316946	0.023536	0.0164927	0.0107227	0.00635627	0.00337273	0.00156977	0.000626366	0.000208717	5.63469e-05	1.18999e-05	2.11972e-06	
736869	2.61965e-06	3.09758e-05	0.000117596	0.000319144	0.000745519	0.00162774	0.00346776	0.00728583	0.0147996	0.0280125	0.0477629	0.0721168	0.0965153	0.115662	0.125169	0.122614	0.108681	0.087353	0.0641306	0.0434903	0.0275214	0.0162781	0.00889811	0.00440382	0.00193047	0.000736225	0.000241225	6.73117e-05	1.58434e-05	3.09167e-06	4.85264e-07	6.37509e-08	
746869	8.33524e-08	3.85557e-06	3.09313e-05	0.000140011	0.000469072	0.00129461	0.003101	0.00662893	0.01284	0.022709	0.036777	0.0545241	0.0738749	0.0913994	0.103646	0.10893	0.107567	0.100075	0.0864587	0.0680635	0.0485326	0.0317385	0.0194154	0.0111784	0.00596017	0.00286019	0.00119838	0.000425406	0.000124009	2.86929e-05	5.07336e-06	7.17522e-07	
756869	2.36331e-08	3.50206e-07	1.78332e-06	6.83903e-06	2.3301e-05	7.54858e-05	0.000239658	0.000741123	0.00215807	0.00568023	0.0130698	0.0257396	0.0430828	0.0618227	0.0779026	0.0891469	0.0957245	0.0985361	0.097773	0.0929244	0.0836782	0.0705543	0.0549476	0.038864	0.0244558	0.0133717	0.00619114	0.00236174	0.000720976	0.000170687	3.02747e-05	4.21613e-06	
766869	1.37752e-05	0.000158782	0.000585568	0.00153056	0.0033812	0.0067659	0.0126709	0.0224774	0.0376288	0.0586344	0.0837127	0.108209	0.125717	0.130611	0.120862	0.0995389	0.0733561	0.0489731	0.0300861	0.0172297	0.00926221	0.00468812	0.00223759	0.00100544	0.000421923	0.000162716	5.63538e-05	1.70463e-05	4.36688e-06	9.16273e-07	1.51774e-07	2.0764e-08	
776869	2.43449e-06	5.23258e-05	0.000279163	0.00092565	0.00237528	0.00516705	0.00998298	0.0175338	0.0282236	0.0416334	0.056244	0.0699147	0.0809431	0.0886677	0.0930183	0.0937829	0.0905177	0.0829926	0.0716381	0.0576922	0.0429547	0.0292798	0.0180744	0.00999039	0.00489212	0.00210177	0.000784169	0.000250669	6.72978e-05	1.47488e-05	2.54206e-06	3.60532e-07	
786869	3.14981e-07	3.82326e-06	1.53788e-05	4.54931e-05	0.000117666	0.000283112	0.00064968	0.00143619	0.00306976	0.00634453	0.0126255	0.0239446	0.0425762	0.0695496	0.102173	0.132294	0.148386	0.14255	0.117246	0.08368	0.053026	0.0305003	0.016128	0.00784716	0.00347728	0.00137605	0.0004744	0.000138885	3.36726e-05	6.58942e-06	1.01143e-06	1.27218e-07	
796869	1.36974e-07	1.70313e-06	6.98496e-06	2.09327e-05	5.45675e-05	0.000132321	0.000308509	0.000704637	0.00159168	0.00355478	0.00775514	0.0161423	0.0310922	0.0537584	0.0815861	0.10773	0.124517	0.128057	0.119333	0.102012	0.0802741	0.0579708	0.0382259	0.0229	0.012387	0.00599393	0.00255861	0.000944711	0.000294077	7.48254e-05	1.50174e-05	2.55121e-06	
806869	5.43294e-06	6.08595e-05	0.000218465	0.00055643	0.00119852	0.00233917	0.00428177	0.00749059	0.012642	0.0206261	0.0323982	0.0485545	0.0685933	0.0901088	0.108592	0.118668	0.116749	0.103407	0.0832116	0.0619809	0.043755	0.0297654	0.0194947	0.0120972	0.00695732	0.00362328	0.00166824	0.000661902	0.000220023	5.93682e-05	1.25447e-05	2.23744e-06	
816869	2.05155e-05	0.000267724	0.00109766	0.00311401	0.00724292	0.0147074	0.0268231	0.0445299	0.0676316	0.0938637	0.118265	0.133833	0.134364	0.118499	0.0914538	0.062071	0.037653	0.0210322	0.0112534	0.00596179	0.0031574	0.00164961	0.000831901	0.000396571	0.000175208	7.02758e-05	2.50188e-05	7.71105e-06	2.00131e-06	4.23952e-07	7.07431e-08	9.7416e-09	
826869	4.03863e-07	8.29167e-06	5.0397e-05	0.000206533	0.000681297	0.00192427	0.00474454	0.0102234	0.0192049	0.0315596	0.0459885	0.0607623	0.0745035	0.085998	0.0937772	0.096771	0.0951269	0.0896079	0.080573	0.0682027	0.0533971	0.0380102	0.0242169	0.0136106	0.0066583	0.00280007	0.00100031	0.000299881	7.43764e-05	1.49761e-05	2.3831e-06	3.13305e-07	
836869	1.1468e-07	1.47554e-06	6.30361e-06	1.98501e-05	5.51252e-05	0.000145101	0.000373459	0.000944092	0.00231319	0.00538503	0.0116987	0.0233999	0.0426309	0.0699766	0.102232	0.131204	0.146196	0.140516	0.116864	0.0852721	0.0556303	0.0329167	0.0177291	0.00863699	0.00375945	0.00144068	0.000478422	0.00013534	3.19863e-05	6.16987e-06	9.435e-07	1.19335e-07	
846869	6.37667e-07	7.4551e-06	2.79907e-05	7.46758e-05	0.000168582	0.000344833	0.000661715	0.00121691	0.00217811	0.003842	0.00674305	0.0118243	0.0206116	0.0351423	0.0571586	0.0862145	0.11745	0.141437	0.148168	0.133375	0.102156	0.0662732	0.0365864	0.0173935	0.00720487	0.00261567	0.00083043	0.000227833	5.2908e-05	1.01288e-05	1.54932e-06	1.97367e-07	
856869	2.68124e-05	0.000285477	0.000964257	0.00228341	0.00450767	0.0079272	0.0128216	0.0194061	0.0277623	0.0377604	0.0489778	0.0606318	0.0715842	0.0804975	0.086164	0.0878734	0.0855881	0.0798181	0.0713367	0.0609664	0.0495379	0.0379375	0.0270876	0.017807	0.0106241	0.00565849	0.00263938	0.00105449	0.000351634	9.49724e-05	2.00629e-05	3.57461e-06	
866869	2.99593e-07	3.62231e-06	1.4703e-05	4.41283e-05	0.00011525	0.000276217	0.000619691	0.00131314	0.00264469	0.00509365	0.00942847	0.0167806	0.0285155	0.045624	0.0675549	0.0910967	0.110723	0.121205	0.120511	0.109934	0.0921767	0.0704095	0.0483502	0.0295175	0.0159041	0.00752168	0.00309926	0.00109777	0.00032719	7.97287e-05	1.53403e-05	2.48875e-06	
876869	8.57217e-06	0.00011334	0.000468576	0.00133843	0.00313826	0.00644746	0.0119676	0.0203925	0.0321675	0.0471383	0.0641649	0.080916	0.0941969	0.101014	0.0999755	0.0920577	0.0800098	0.0668075	0.0543627	0.0432955	0.0335188	0.0248801	0.0174227	0.01132	0.0067076	0.00355852	0.0016562	0.000660877	0.000220228	5.94572e-05	1.25572e-05	2.23688e-06	
886869	0.000260646	0.00228659	0.00627502	0.0119301	0.0187482	0.0261464	0.0336007	0.040738	0.0473533	0.0533585	0.0587026	0.0633012	0.066998	0.0695617	0.0707116	0.0701653	0.0677003	0.0632223	0.0568292	0.0488531	0.0398617	0.0306011	0.0218761	0.0143893	0.00858742	0.00457445	0.00213401	0.000852691	0.000284385	7.68223e-05	1.62319e-05	2.89274e-06	
896869	0.00229682	0.0103361	0.0170955	0.0226205	0.0275702	0.0322997	0.0370039	0.0417516	0.0465068	0.0511629	0.0555677	0.0595281	0.062805	0.0651154	0.0661533	0.0656283	0.0633182	0.0591287	0.053149	0.0456891	0.0372798	0.0286189	0.020459	0.0134571	0.00803107	0.00427808	0.00199574	0.000797445	0.000265959	7.18449e-05	1.51802e-05	2.70533e-06	
906869	0.00434701	0.0181807	0.0262476	0.0298714	0.0321283	0.0345114	0.0374809	0.0410407	0.0450188	0.0491828	0.0532801	0.0570441	0.0601908	0.062419	0.0634238	0.0629251	0.0607118	0.0566952	0.0509617	0.0438088	0.0357457	0.0274413	0.0196172	0.0129035	0.00770069	0.00410212	0.00191367	0.000764658	0.000255027	6.88928e-05	1.45567e-05	2.59426e-06	
916869	0.00308076	0.0129666	0.0200082	0.0250694	0.0293789	0.0334344	0.0374991	0.0417061	0.0460571	0.0504473	0.0546979	0.0585771	0.0618123	0.0641015	0.0651335	0.0646215	0.0623486	0.0582238	0.0523358	0.0449901	0.0367095	0.0281812	0.0201461	0.0132514	0.00790832	0.00421272	0.00196526	0.000785271	0.000261901	7.07495e-05	1.4949e-05	2.66415e-06	
926869	0.00067126	0.00535647	0.0132042	0.0225227	0.0319386	0.0405843	0.0480127	0.0539822	0.0583532	0.0611392	0.062563	0.0629934	0.0627821	0.0621088	0.0609229	0.0589954	0.0560391	0.051837	0.0463386	0.0397129	0.0323505	0.0248134	0.0177303	0.0116592	0.00695676	0.00370523	0.00172825	0.000690456	0.00023024	6.21853e-05	1.31368e-05	2.34066e-06	
936869	5.29016e-05	0.00060822	0.00218653	0.00537242	0.010709	0.0185326	0.0287892	0.0408919	0.0537316	0.0658869	0.0759416	0.082771	0.0857285	0.0847339	0.0802588	0.0731853	0.064556	0.0553081	0.0461044	0.0373179	0.0291397	0.0217192	0.0152439	0.00992011	0.00588573	0.00312615	0.00145664	0.000581944	0.00019418	5.25009e-05	1.11058e-05	1.98224e-06	
946869	4.21203e-08	9.9377e-07	6.0063e-06	2.3213e-05	7.11568e-05	0.000188519	0.000450454	0.000994522	0.00206039	0.00404865	0.0075993	0.0136621	0.0234738	0.038328	0.0590751	0.0852402	0.113489	0.136171	0.143222	0.129385	0.100012	0.066933	0.0394063	0.0205896	0.00955858	0.00394017	0.00144087	0.000464484	0.00012952	3.0214e-05	5.64652e-06	8.93874e-07	
956869	1.76656e-07	2.12177e-06	8.23549e-06	2.28776e-05	5.4209e-05	0.000117383	0.000240492	0.000475821	0.000921325	0.00176162	0.0033445	0.00631666	0.0118413	0.0218631	0.0391266	0.0660823	0.101721	0.137738	0.159345	0.154462	0.124509	0.0838794	0.0478707	0.0234261	0.0098583	0.00355411	0.001094	0.000286946	6.37019e-05	1.17604e-05	1.75254e-06	2.18883e-07	
966869	2.80544e-07	3.40549e-06	1.33763e-05	3.77205e-05	9.13371e-05	0.000204551	0.000441437	0.000941493	0.00201043	0.00429836	0.00907571	0.0184321	0.0348132	0.0592143	0.0887424	0.116312	0.133912	0.136577	0.124037	0.100419	0.0724898	0.0467107	0.0269133	0.0138844	0.00641353	0.00264347	0.000962419	0.000303656	8.07827e-05	1.75217e-05	2.98122e-06	4.15832e-07	
976869	1.67355e-05	0.000175975	0.000587961	0.00138125	0.00271759	0.00479604	0.00785921	0.0122015	0.0181729	0.0261546	0.0364456	0.0489758	0.0628808	0.0763143	0.0870116	0.0933476	0.0947338	0.0911407	0.0829702	0.0714047	0.0581396	0.0446777	0.032102	0.0212515	0.0127436	0.00680107	0.00317021	0.00126373	0.000420299	0.000113263	2.38892e-05	4.25179e-06	
986869	0.000179	0.00183337	0.00578063	0.0123895	0.0214644	0.0321638	0.0431628	0.0530204	0.0605969	0.0653508	0.06743	0.0675352	0.0665756	0.0652464	0.0637508	0.0618201	0.0589705	0.0547987	0.0491642	0.0422359	0.0344547	0.0264483	0.0189068	0.012436	0.00742166	0.00395347	0.00184433	0.00073696	0.000245793	6.63998e-05	1.40304e-05	2.50056e-06	
996869	1.08767e-05	0.000136865	0.000549238	0.00155844	0.00371887	0.00794522	0.0155679	0.028161	0.0469291	0.0715585	0.0988257	0.122007	0.132843	0.126549	0.105993	0.0797498	0.0556909	0.0372451	0.0243648	0.0157515	0.0100788	0.00634431	0.00387951	0.00226454	0.00123579	0.000616146	0.000273851	0.000105675	3.43978e-05	9.14524e-06	1.91472e-06	3.40003e-07	
1.00687e+06	0.000158058	0.00154077	0.00461555	0.00936708	0.0152952	0.0214915	0.0269387	0.0309153	0.0332914	0.0345458	0.0355137	0.037036	0.0397045	0.0437814	0.0492273	0.0557294	0.0626775	0.0691267	0.0738176	0.0753351	0.0724713	0.0647554	0.0529171	0.0389192	0.0253444	0.0143733	0.00697929	0.00284964	0.000958498	0.000259099	5.45792e-05	9.6791e-06	
1.01687e+06	2.86204e-05	0.000331979	0.00121951	0.00313031	0.00667044	0.012608	0.0218162	0.0350775	0.0526028	0.0732282	0.0937208	0.109135	0.114826	0.109158	0.094655	0.0762896	0.0584762	0.0434142	0.031475	0.0222774	0.015327	0.0101822	0.00646783	0.00387562	0.00215401	0.00108866	0.000489256	0.000190634	6.25863e-05	1.67607e-05	3.52873e-06	6.29008e-07	
1.02687e+06	2.84134e-07	5.37427e-06	2.93614e-05	0.000106947	0.000314879	0.000808351	0.00187645	0.00401628	0.00801756	0.0150303	0.026516	0.0438063	0.0668937	0.0927621	0.115098	0.127108	0.125567	0.112083	0.0911021	0.0675397	0.0455262	0.0277676	0.0152526	0.00751705	0.00331535	0.00130439	0.000453954	0.000137201	3.49836e-05	7.25763e-06	1.1769e-06	1.55112e-07	
1.03687e+06	3.78693e-06	4.18868e-05	0.000147957	0.000369229	0.000775067	0.00146484	0.00257839	0.00431008	0.00692711	0.0107923	0.0163867	0.0243133	0.0352139	0.0494602	0.0665114	0.0842382	0.0991017	0.107698	0.108444	0.101635	0.0884051	0.0705726	0.0510551	0.0331988	0.0193143	0.00998721	0.00452817	0.00176269	0.00057407	0.000151919	3.15882e-05	5.56282e-06	
1.04687e+06	1.07635e-05	0.000158045	0.000717588	0.00215949	0.005109	0.0102104	0.0179213	0.0282929	0.0408044	0.0543152	0.0671956	0.0776765	0.0843525	0.0866276	0.0848422	0.0799901	0.0732003	0.0653022	0.0567085	0.0476062	0.0382382	0.029046	0.020612	0.0134873	0.00802029	0.00426258	0.00198599	0.000793133	0.000264515	7.14751e-05	1.5109e-05	2.69433e-06	
1.05687e+06	2.78677e-05	0.000320396	0.0012287	0.00339389	0.00784551	0.0159034	0.0287078	0.0462955	0.0665921	0.0853039	0.0975649	0.100627	0.0953634	0.0852635	0.0740105	0.0637108	0.0547096	0.0464443	0.0383407	0.0302511	0.0224627	0.0154826	0.00977642	0.00557979	0.00283689	0.00126416	0.000484636	0.000156436	4.1476e-05	8.78132e-06	1.4382e-06	1.90887e-07	
1.06687e+06	0.000132157	0.0012669	0.00385244	0.00816974	0.0142759	0.021866	0.0302945	0.0387935	0.0467553	0.0538748	0.0600749	0.0653178	0.069462	0.0722456	0.0733634	0.072563	0.0697092	0.0648132	0.0580498	0.0497793	0.0405596	0.0311156	0.022238	0.0146262	0.00872877	0.00464986	0.00216926	0.000866813	0.000289109	7.81031e-05	1.65036e-05	2.94143e-06	
1.07687e+06	1.41207e-05	0.000196955	0.000905927	0.00288682	0.00734801	0.015721	0.0289881	0.0467547	0.066643	0.0846927	0.0968975	0.101034	0.0975057	0.0886566	0.0772762	0.0654437	0.0542492	0.0440978	0.0350843	0.0271985	0.0204027	0.0146663	0.00997922	0.00633374	0.00368728	0.00193195	0.000891862	0.0003542	0.000117791	3.18033e-05	6.72828e-06	1.20267e-06	
1.08687e+06	1.07834e-05	0.000140881	0.000569191	0.00157559	0.00355672	0.0069975	0.012382	0.0200368	0.0299355	0.0415447	0.0538247	0.0654728	0.0753683	0.0829948	0.0884976	0.0921515	0.0934091	0.0903371	0.0806347	0.0642138	0.0446279	0.02691	0.0141469	0.00653924	0.00268569	0.000988902	0.00032542	9.36888e-05	2.28306e-05	4.54141e-06	7.10841e-07	9.1199e-08	
1.09687e+06	2.32637e-08	1.1915e-06	1.1981e-05	6.95949e-05	0.000301996	0.0010807	0.00332098	0.0088706	0.0205454	0.0409157	0.0694679	0.10013	0.122985	0.130572	0.122674	0.104708	0.0831228	0.0625898	0.0453179	0.031675	0.0212734	0.0136079	0.00819345	0.00457282	0.0023231	0.00105402	0.000419025	0.000143097	4.10476e-05	9.6267e-06	1.78516e-06	2.78195e-07	
1.10687e+06	1.36445e-06	1.59661e-05	6.10309e-05	0.000168594	0.000399603	0.000865008	0.00175541	0.0033756	0.00617274	0.0107393	0.0177724	0.0279815	0.0419192	0.0596173	0.0798693	0.0994693	0.113568	0.117912	0.111367	0.0961942	0.0762523	0.0553629	0.0365808	0.0218215	0.0116657	0.00555223	0.00233349	0.000854276	0.000266514	6.87211e-05	1.40966e-05	2.46656e-06	
1.11687e+06	1.52588e-06	1.73448e-05	6.31617e-05	0.000163078	0.000355678	0.000702062	0.00129879	0.00229845	0.00394047	0.0065911	0.010781	0.0172061	0.0266392	0.0397376	0.056785	0.077246	0.098804	0.116476	0.12392	0.117446	0.0991298	0.0754007	0.052543	0.0338369	0.0200138	0.0106769	0.00501272	0.00201478	0.000673072	0.00018101	3.78285e-05	6.61045e-06	
1.12687e+06	5.9808e-06	0.000156457	0.000909911	0.00319769	0.00853043	0.0188195	0.0356701	0.059108	0.0862265	0.110873	0.125534	0.125207	0.110675	0.0880846	0.064912	0.0459866	0.0325284	0.0235657	0.0175695	0.0132933	0.00997481	0.00725362	0.0050109	0.00323025	0.00190917	0.00101517	0.000475553	0.000191643	6.46583e-05	1.77028e-05	3.79444e-06	6.87166e-07	
1.13687e+06	3.17827e-06	5.5016e-05	0.000330237	0.00129987	0.00384404	0.00913714	0.0181818	0.0311371	0.0469766	0.0640163	0.0809451	0.0969138	0.110094	0.116759	0.113162	0.0987785	0.0773057	0.0544329	0.0347741	0.0203748	0.0110761	0.00564521	0.0027143	0.00122874	0.000517971	0.000199802	6.90201e-05	2.08196e-05	5.32619e-06	1.11778e-06	1.85347e-07	2.53876e-08	
