1311	0.00634455	0.0204707	0.0366438	0.0539721	0.0711397	0.086498	0.0982725	0.104872	0.105247	0.0991993	0.0875522	0.0720738	0.0551291	0.0391035	0.0257812	0.0159487	0.00942074	0.00543037	0.00310441	0.00176376	0.000986102	0.000534992	0.000277517	0.000135396	6.09782e-05	2.48353e-05	8.9465e-06	2.78243e-06	7.27218e-07	1.54908e-07	2.59651e-08	3.59024e-09	
11311	4.51313e-06	5.77585e-05	0.000235491	0.000674769	0.00161245	0.00342599	0.00666392	0.0120344	0.020302	0.0320433	0.047257	0.0649468	0.0829385	0.0982084	0.107757	0.109662	0.103725	0.0913109	0.0746384	0.0562156	0.0385718	0.0238291	0.0131259	0.0064086	0.00277379	0.00106838	0.000365053	0.000108597	2.72692e-05	5.57598e-06	8.93656e-07	1.16888e-07	
21311	0.000575325	0.00546766	0.016199	0.0331324	0.0557112	0.0820632	0.108291	0.128201	0.13488	0.124659	0.100961	0.0730507	0.0492365	0.0322015	0.020754	0.0131556	0.00822475	0.00513574	0.00323351	0.00204013	0.00126475	0.000753023	0.000421911	0.000218422	0.000102612	4.2919e-05	1.56538e-05	4.86539e-06	1.25608e-06	2.61723e-07	4.26068e-08	5.67577e-09	
31311	0.000131966	0.00209508	0.00914782	0.0255622	0.0547581	0.0955134	0.13853	0.167036	0.164947	0.131824	0.0867832	0.0500117	0.02769	0.016074	0.0101448	0.00682046	0.0046877	0.00318599	0.0020968	0.00131857	0.000784774	0.000438711	0.00022877	0.000110443	4.8884e-05	1.95694e-05	6.95573e-06	2.14424e-06	5.57499e-07	1.18406e-07	1.9813e-08	2.7364e-09	
41311	2.59745e-06	8.62151e-05	0.000686074	0.0032314	0.0107424	0.0269508	0.0529571	0.0835342	0.108188	0.118804	0.115623	0.104011	0.0883836	0.0714123	0.0555203	0.0424323	0.03242	0.0248185	0.0188637	0.0140497	0.010121	0.00696919	0.00453734	0.00276134	0.00154949	0.00078806	0.000355729	0.000139053	4.57633e-05	1.22817e-05	2.59165e-06	4.6337e-07	
51311	4.13203e-05	0.000595275	0.00320469	0.0129867	0.0407694	0.095571	0.162709	0.199422	0.179333	0.125278	0.0746799	0.0421522	0.0242612	0.0146081	0.00912923	0.00581346	0.00370759	0.00233817	0.00144635	0.000872588	0.00051019	0.000286492	0.000152617	7.59659e-05	3.4723e-05	1.42983e-05	5.19406e-06	1.62605e-06	4.27243e-07	9.14053e-08	1.53764e-08	2.13331e-09	
61311	0.000447677	0.0044129	0.0140616	0.0321774	0.0620354	0.103749	0.147202	0.170206	0.155485	0.113941	0.0730183	0.0454925	0.0287258	0.0182595	0.0116066	0.00736183	0.00464501	0.00290562	0.00179572	0.00109033	0.000644465	0.000366181	0.000197065	9.88384e-05	4.5414e-05	1.87665e-05	6.83386e-06	2.14324e-06	5.639e-07	1.20769e-07	2.03326e-08	2.8229e-09	
71311	8.05024e-05	0.000865719	0.00295959	0.00713483	0.0144502	0.0262481	0.0439458	0.0682798	0.0972972	0.123948	0.137476	0.130737	0.107449	0.0790791	0.054794	0.0372248	0.0251589	0.0167873	0.0108918	0.00678411	0.00402023	0.00224849	0.00117549	0.000567561	0.000249636	9.85431e-05	3.43387e-05	1.03584e-05	2.64035e-06	5.51997e-07	9.13108e-08	1.24995e-08	
81311	4.8566e-06	0.000194593	0.00147731	0.00685864	0.0229624	0.0558034	0.0980587	0.126286	0.124779	0.103392	0.0801158	0.0626303	0.05093	0.0432964	0.0380513	0.0339889	0.0304022	0.0269206	0.023378	0.0197345	0.0160342	0.0123938	0.00899371	0.0060389	0.00369338	0.00202197	0.00097157	0.000400631	0.000138138	3.86501e-05	8.47557e-06	1.58035e-06	
91311	0.000437069	0.00525095	0.0208987	0.0551681	0.108956	0.165772	0.194786	0.176667	0.124871	0.0711337	0.0352684	0.0171473	0.00905706	0.0053146	0.00334534	0.00217204	0.00141812	0.000917865	0.000583981	0.000362647	0.000217919	0.000125306	6.80219e-05	3.43358e-05	1.5853e-05	6.57565e-06	2.40171e-06	7.55054e-07	1.99057e-07	4.27024e-08	7.19942e-09	1.00086e-09	
101311	0.000229267	0.00269584	0.00974029	0.0241994	0.0504419	0.0913371	0.134492	0.158983	0.156185	0.130415	0.0940478	0.0599714	0.0352003	0.0200275	0.0115851	0.00702275	0.00449692	0.00301016	0.00206457	0.00141986	0.000960387	0.000628355	0.000391693	0.000229147	0.00012379	6.06479e-05	2.63994e-05	9.97249e-06	3.18193e-06	8.31204e-07	1.71486e-07	3.00661e-08	
111311	9.25889e-05	0.00169313	0.0128554	0.0521043	0.128244	0.200132	0.196607	0.134077	0.0800949	0.0502637	0.0347217	0.0260521	0.0205432	0.0164253	0.0130061	0.010088	0.00761447	0.00554984	0.00386887	0.00255533	0.00158621	0.000918807	0.00049279	0.000242326	0.000107898	4.2861e-05	1.49382e-05	4.48271e-06	1.13279e-06	2.34569e-07	3.84787e-08	5.23163e-09	
121311	7.9038e-06	0.000385298	0.0030695	0.0135901	0.0449698	0.103571	0.153223	0.159975	0.134866	0.101554	0.0749179	0.0566205	0.0434565	0.0332732	0.0250533	0.0182881	0.0127765	0.00846693	0.00530104	0.00313435	0.00175159	0.000924879	0.000460186	0.000214483	9.26777e-05	3.65408e-05	1.28655e-05	3.94032e-06	1.01915e-06	2.15463e-07	3.59061e-08	4.93915e-09	
131311	7.57062e-06	0.000205051	0.00228721	0.0150171	0.0572251	0.133128	0.197741	0.195887	0.143952	0.0915944	0.0570841	0.0368298	0.0244997	0.016328	0.0106921	0.00684818	0.00430139	0.00265651	0.00161165	0.000955791	0.000549849	0.000303921	0.000159569	7.84786e-05	3.55511e-05	1.45475e-05	5.26149e-06	1.64196e-06	4.30394e-07	9.19061e-08	1.54372e-08	2.13878e-09	
141311	3.12307e-05	0.000534879	0.00332189	0.013239	0.0381722	0.0827989	0.129284	0.142094	0.118998	0.0866849	0.0622484	0.0481667	0.0410973	0.0374022	0.0347404	0.0319722	0.0287071	0.0249553	0.020916	0.0168434	0.0129716	0.00948664	0.00652407	0.00416655	0.00243421	0.00127822	0.000591057	0.000235056	7.82455e-05	2.11354e-05	4.47054e-06	7.98349e-07	
151311	3.06824e-06	9.9822e-05	0.000734309	0.00297099	0.00862696	0.0200926	0.0387945	0.0616258	0.0810037	0.091539	0.0940709	0.0930375	0.0912785	0.087881	0.0808431	0.0698993	0.0565713	0.0429207	0.030581	0.0204383	0.012743	0.00734335	0.00386578	0.00183642	0.000778177	0.000291092	9.5151e-05	2.68534e-05	6.43348e-06	1.27665e-06	2.02845e-07	2.68806e-08	
161311	2.00941e-07	2.37517e-06	9.1878e-06	2.60501e-05	6.52779e-05	0.000156241	0.000370772	0.000885169	0.00211853	0.00498008	0.0111243	0.0227852	0.0416162	0.0667717	0.0937771	0.115588	0.125789	0.122321	0.108331	0.0890443	0.0685882	0.049466	0.0332304	0.0206781	0.0118153	0.00610275	0.00278554	0.00109376	0.000358949	9.54743e-05	1.98932e-05	3.5033e-06	
171311	3.75453e-05	0.000400996	0.00136039	0.00323977	0.00644012	0.0114191	0.0186468	0.0285351	0.0413345	0.0569886	0.0749068	0.0936146	0.11035	0.120989	0.121011	0.107871	0.0837116	0.0557007	0.0319912	0.0164581	0.0080013	0.00381817	0.00179687	0.000818681	0.000351728	0.000138649	4.88069e-05	1.49268e-05	3.85226e-06	8.12461e-07	1.35067e-07	1.85272e-08	
181311	8.69888e-06	0.000242413	0.00132975	0.00445039	0.0110006	0.0208318	0.030895	0.0393698	0.0496369	0.0642812	0.0804394	0.0930507	0.0990175	0.0981523	0.0916754	0.0810386	0.0678802	0.0539309	0.0406059	0.0288329	0.0191467	0.0117695	0.00662274	0.00336946	0.00152796	0.00060745	0.000207922	6.0145e-05	1.44307e-05	2.81475e-06	4.35417e-07	5.59917e-08	
191311	1.45185e-05	0.000389474	0.00285285	0.0129982	0.0416146	0.093605	0.147468	0.170617	0.156773	0.122873	0.0865023	0.0568344	0.0361137	0.0230651	0.0152695	0.0105496	0.00748128	0.00530867	0.00368458	0.00246019	0.00156244	0.000936503	0.000526462	0.000275599	0.000132926	5.81302e-05	2.25559e-05	7.56478e-06	2.12852e-06	4.86055e-07	8.67783e-08	1.2751e-08	
201311	5.09196e-07	1.21297e-05	7.88203e-05	0.000340581	0.00121896	0.00386959	0.0107847	0.0257095	0.0518967	0.0879704	0.123303	0.142291	0.138167	0.117623	0.0915312	0.0671956	0.0475868	0.0329246	0.0222733	0.0146133	0.00919681	0.00549195	0.00307727	0.00159737	0.000756444	0.000320794	0.000119176	3.78071e-05	9.94979e-06	2.10336e-06	3.44615e-07	4.56503e-08	
211311	1.46423e-06	1.77633e-05	7.35036e-05	0.000234441	0.000667789	0.00166313	0.00352784	0.00655514	0.0112268	0.0182502	0.0282066	0.0412382	0.0569959	0.074528	0.0919606	0.106345	0.114214	0.112899	0.101901	0.0833984	0.0614776	0.0405166	0.0236625	0.0121204	0.00538281	0.00204755	0.000659616	0.000178558	4.04348e-05	7.5971e-06	1.15739e-06	1.48664e-07	
221311	0.000188022	0.0100487	0.10543	0.237041	0.206125	0.138413	0.0851202	0.056176	0.0429941	0.0346215	0.0268902	0.019561	0.0133383	0.00867542	0.00552414	0.0035275	0.00228687	0.00150244	0.000988963	0.000641963	0.000403903	0.000242056	0.000135841	7.01979e-05	3.28358e-05	1.36531e-05	4.94804e-06	1.52944e-06	3.93554e-07	8.2017e-08	1.34106e-08	1.80414e-09	
231311	0.000649159	0.0859995	0.34928	0.354344	0.138183	0.0371532	0.0125376	0.00599717	0.0036876	0.00262447	0.0020239	0.00163055	0.00134062	0.0011069	0.000906721	0.000729199	0.000570056	0.000429067	0.000308062	0.00020909	0.000132965	7.85103e-05	4.26396e-05	2.10864e-05	9.38905e-06	3.71651e-06	1.28857e-06	3.84474e-07	9.66073e-08	1.9899e-08	3.2493e-09	4.40012e-10	
241311	0.00268775	0.108838	0.374494	0.343653	0.120505	0.0309985	0.0104139	0.00420192	0.00184724	0.000888896	0.000484556	0.000300428	0.000203839	0.000144742	0.000104497	7.54712e-05	5.39601e-05	3.7864e-05	2.58598e-05	1.70413e-05	1.07353e-05	6.39914e-06	3.56874e-06	1.83853e-06	8.62392e-07	3.62244e-07	1.33668e-07	4.23788e-08	1.1251e-08	2.4278e-09	4.11342e-10	5.74517e-11	
251311	8.07344e-07	1.86323e-05	0.000111267	0.000453085	0.00152047	0.00437301	0.0108172	0.0229637	0.0417587	0.0650292	0.0869982	0.101083	0.104474	0.0995728	0.0907163	0.0808337	0.0709093	0.0607795	0.0501098	0.039054	0.0282997	0.0187557	0.0111825	0.00590211	0.00271634	0.00107511	0.000361289	0.000101792	2.37087e-05	4.48331e-06	6.71625e-07	8.3255e-08	
261311	0.0116151	0.0766206	0.149819	0.190609	0.18666	0.150023	0.102453	0.061176	0.0330763	0.0169909	0.00877056	0.00475517	0.00274938	0.0016801	0.00106726	0.000694259	0.00045658	0.000299997	0.000194706	0.000123421	7.55156e-05	4.40436e-05	2.41613e-05	1.22895e-05	5.70649e-06	2.3774e-06	8.71382e-07	2.74733e-07	7.26005e-08	1.56054e-08	2.63537e-09	3.66947e-10	
271311	3.03743e-05	0.00153051	0.0115637	0.0420744	0.100394	0.17096	0.204448	0.175877	0.118448	0.0686179	0.0376029	0.0214565	0.0135168	0.00937206	0.00689337	0.0051892	0.00389716	0.00286508	0.00202964	0.00136634	0.000863201	0.000505934	0.000272211	0.000133121	5.86067e-05	2.29904e-05	7.93642e-06	2.37109e-06	5.99405e-07	1.24515e-07	2.05028e-08	2.79683e-09	
281311	3.12152e-05	0.000801937	0.00596472	0.0264531	0.074343	0.13422	0.158344	0.1337	0.0961353	0.0697597	0.0548929	0.045884	0.0389979	0.0327811	0.0270706	0.022131	0.018118	0.0149215	0.0122757	0.00993612	0.00777915	0.0058	0.00405961	0.00262939	0.00155163	0.000819829	0.000380224	0.000151299	5.03143e-05	1.35642e-05	2.86189e-06	5.09438e-07	
291311	2.78345e-05	0.000330583	0.00131471	0.00369939	0.00849837	0.0167593	0.0290685	0.044978	0.0626888	0.0793536	0.0920634	0.0990444	0.100237	0.0967561	0.0895838	0.0788834	0.0649305	0.0492473	0.0342375	0.0218788	0.0129275	0.00708863	0.00360086	0.00168253	0.000715796	0.000274076	9.31695e-05	2.76065e-05	6.95276e-06	1.44148e-06	2.36889e-07	3.22191e-08	
301311	0.000158388	0.00189489	0.00751426	0.0205926	0.0450598	0.0818776	0.1233	0.152793	0.157024	0.136596	0.102921	0.0688836	0.0423425	0.0248249	0.0143145	0.00826697	0.00482336	0.00284948	0.00169763	0.00100936	0.00058989	0.000332989	0.000178369	8.91041e-05	4.07938e-05	1.68038e-05	6.10253e-06	1.9095e-06	5.01444e-07	1.07221e-07	1.80277e-08	2.49981e-09	
311311	0.000636372	0.00948659	0.0342588	0.0742613	0.119032	0.15273	0.16278	0.147111	0.114508	0.0780631	0.0476118	0.0267241	0.0143267	0.007664	0.00425359	0.00249637	0.00154033	0.000978453	0.000624708	0.000392606	0.000238768	0.00013849	7.55682e-05	3.82488e-05	1.76836e-05	7.33996e-06	2.68184e-06	8.43295e-07	2.22347e-07	4.77022e-08	8.04274e-09	1.11814e-09	
321311	1.30578e-05	0.000798538	0.00767652	0.0341321	0.0868671	0.142104	0.165735	0.152565	0.120551	0.0869057	0.0600883	0.041358	0.0288288	0.0204464	0.0147759	0.0108607	0.00805734	0.00595896	0.00433214	0.00305272	0.00205655	0.0013066	0.000772148	0.000418296	0.000204403	8.84615e-05	3.32033e-05	1.05543e-05	2.76588e-06	5.79861e-07	9.40286e-08	1.23123e-08	
331311	1.19369e-07	1.48168e-06	6.27377e-06	2.03608e-05	6.03245e-05	0.000168749	0.000436618	0.00102011	0.00213946	0.00407954	0.00724324	0.0122585	0.0200117	0.0314471	0.0471515	0.0669219	0.0893503	0.111216	0.127075	0.130605	0.118422	0.0935042	0.064046	0.0382148	0.0199965	0.00919047	0.00368084	0.00126375	0.000363864	8.5593e-05	1.59533e-05	2.52014e-06	
341311	0.000359804	0.00382526	0.0123815	0.0269324	0.0467471	0.0691136	0.0898593	0.104736	0.111043	0.108548	0.0991496	0.0856458	0.0705069	0.0553757	0.0412794	0.0289888	0.0190785	0.0117667	0.0068418	0.00379125	0.00202563	0.00104994	0.000525561	0.000250228	0.000110909	4.46912e-05	1.59783e-05	4.94152e-06	1.2859e-06	2.72965e-07	4.56242e-08	6.29219e-09	
351311	2.20917e-05	0.000282676	0.00122338	0.00391895	0.0107558	0.0259337	0.0541483	0.0954776	0.138937	0.164514	0.158586	0.126994	0.087929	0.0552503	0.0327795	0.0188261	0.0106505	0.00602325	0.00343409	0.0019683	0.00111901	0.000619218	0.000326986	0.000161665	7.34494e-05	3.0079e-05	1.08736e-05	3.38988e-06	8.87537e-07	1.89313e-07	3.17658e-08	4.39654e-09	
361311	1.20185e-06	1.4694e-05	5.84878e-05	0.000168887	0.000424496	0.000997866	0.00225631	0.00490946	0.0100893	0.0190615	0.0323546	0.0488711	0.0661289	0.0816035	0.0936149	0.101093	0.103174	0.099326	0.0897868	0.0758408	0.0596292	0.0435195	0.0293987	0.0182885	0.0103797	0.00529745	0.00238487	0.000925317	0.00030125	7.98178e-05	1.6615e-05	2.92571e-06	
371311	1.8723e-05	0.000432361	0.0023618	0.00761578	0.0180531	0.0344375	0.0555002	0.0780652	0.0983016	0.113068	0.120266	0.118425	0.106889	0.0871187	0.063449	0.0413955	0.0246535	0.013824	0.00753827	0.00408495	0.00220839	0.00117702	0.000606154	0.000295034	0.000132785	5.40734e-05	1.9481e-05	6.05996e-06	1.584e-06	3.37329e-07	5.64944e-08	7.79704e-09	
381311	0.000118678	0.00122708	0.00399489	0.0090538	0.0170128	0.0283916	0.0435062	0.0621644	0.0830572	0.103102	0.117545	0.121639	0.113387	0.0951517	0.0723768	0.0505063	0.0327764	0.0200233	0.0116284	0.00646957	0.00346733	0.00179316	0.000890971	0.000420323	0.000184804	7.40256e-05	2.63568e-05	8.12734e-06	2.11036e-06	4.47237e-07	7.46571e-08	1.02848e-08	
391311	1.41213e-05	0.00015425	0.000537271	0.00132111	0.00273194	0.00508443	0.00879699	0.0143832	0.0223874	0.0332204	0.0468665	0.0624998	0.0782023	0.0911289	0.0984109	0.098545	0.0922374	0.0817856	0.0695585	0.0570369	0.0449188	0.033638	0.0236479	0.015386	0.00911955	0.00483766	0.00225104	0.000897995	0.000299151	8.07363e-05	1.70444e-05	3.03463e-06	
401311	5.87303e-06	7.76146e-05	0.000325459	0.000965912	0.00242423	0.00548402	0.0113874	0.0215732	0.0367705	0.0559415	0.0762371	0.0941595	0.106793	0.112276	0.109797	0.0997358	0.0838864	0.0651626	0.0466966	0.0308706	0.0188355	0.0106117	0.00551844	0.0026409	0.00115334	0.000452647	0.000156238	4.62394e-05	1.14187e-05	2.2862e-06	3.59619e-07	4.64678e-08	
411311	8.33982e-07	2.248e-05	0.000142399	0.000577905	0.00188113	0.00528023	0.0129401	0.0273563	0.0492977	0.0757805	0.10062	0.117354	0.1222	0.115429	0.100469	0.0816939	0.0626856	0.0456573	0.0316129	0.0207687	0.0129027	0.00754668	0.0041276	0.00208888	0.000963772	0.000397939	0.000143893	4.44664e-05	1.14258e-05	2.3671e-06	3.81919e-07	5.00734e-08	
421311	7.00537e-05	0.000764409	0.00271969	0.00696211	0.0150121	0.0284623	0.0478855	0.0714998	0.0946931	0.111422	0.1172	0.111584	0.0978628	0.0804651	0.0628501	0.0470944	0.0341815	0.0242425	0.0168465	0.0113923	0.00739028	0.00452047	0.00256271	0.00132459	0.000614446	0.000251806	8.96469e-05	2.71983e-05	6.87101e-06	1.40497e-06	2.24744e-07	2.93016e-08	
431311	4.36113e-05	0.000493866	0.00177104	0.00444197	0.00925591	0.0170933	0.0288021	0.0448595	0.0648376	0.086794	0.106963	0.120331	0.122441	0.111841	0.0914505	0.067328	0.0454206	0.0289127	0.0179821	0.011236	0.00711429	0.00450714	0.0027882	0.00164131	0.000898021	0.000446633	0.000197355	7.55724e-05	2.43875e-05	6.42503e-06	1.3326e-06	2.34047e-07	
441311	2.72844e-05	0.000349058	0.00139678	0.00385074	0.00866658	0.0169562	0.0296704	0.0470842	0.0682211	0.090494	0.109879	0.12182	0.122789	0.111971	0.0920319	0.0681439	0.0456419	0.0279311	0.015874	0.00855098	0.00444491	0.00224644	0.0010975	0.000510368	0.000221412	8.76437e-05	3.09088e-05	9.46286e-06	2.4442e-06	5.15926e-07	8.58527e-08	1.17933e-08	
451311	0.000674934	0.00592268	0.0163736	0.031592	0.0498997	0.0667735	0.0759956	0.0748619	0.0669489	0.0582813	0.0524746	0.0499286	0.0494875	0.0498282	0.0499677	0.0492855	0.0474267	0.0442358	0.0397403	0.0341534	0.0278636	0.0213885	0.0152892	0.0100561	0.00600105	0.00319655	0.00149114	0.000595791	0.000198697	5.36728e-05	1.13402e-05	2.0209e-06	
461311	1.34817e-05	0.000158528	0.000607235	0.00169292	0.00407184	0.0087471	0.016578	0.0274894	0.040283	0.0531627	0.0643638	0.0727169	0.0779393	0.0803667	0.0804659	0.078564	0.0748063	0.0692298	0.0619034	0.0530775	0.0432639	0.0332042	0.023738	0.0156158	0.0093203	0.00496522	0.00231643	0.000925632	0.000308728	8.34031e-05	1.76235e-05	3.14101e-06	
471311	3.72413e-06	7.42797e-05	0.00037773	0.00121593	0.0030699	0.00662366	0.0127489	0.0224284	0.0365896	0.0557653	0.0793781	0.10451	0.125013	0.133212	0.124789	0.102638	0.0749554	0.049578	0.0303769	0.0175642	0.00967023	0.00505764	0.00248719	0.00113526	0.000474923	0.000179783	6.06471e-05	1.78668e-05	4.47846e-06	9.24962e-07	1.51589e-07	2.05776e-08	
481311	2.60389e-05	0.000291032	0.00103169	0.00256312	0.00530449	0.00976553	0.0164911	0.0259359	0.0382341	0.0528464	0.0681751	0.0815204	0.0899295	0.0918131	0.0879528	0.0807041	0.0722231	0.0635103	0.0546869	0.0456604	0.0365338	0.0276789	0.0196151	0.0128311	0.00763269	0.00405882	0.00189186	0.000755652	0.000251981	6.80645e-05	1.43812e-05	2.56294e-06	
491311	9.67758e-06	0.000111565	0.000422163	0.00115561	0.0027037	0.00572592	0.0112163	0.020456	0.0347063	0.0544937	0.0785184	0.10273	0.120743	0.126473	0.117827	0.0982607	0.074494	0.0525344	0.0353917	0.0233216	0.0152227	0.00981735	0.00616297	0.00368616	0.00205189	0.00103815	0.000466108	0.000181074	5.91942e-05	1.57799e-05	3.30921e-06	5.88288e-07	
501311	2.84936e-08	3.33751e-07	1.26245e-06	3.42023e-06	7.93223e-06	1.69603e-05	3.49227e-05	7.16551e-05	0.000151073	0.000334484	0.000777012	0.00184028	0.00425786	0.00925837	0.0184263	0.033112	0.0535237	0.077923	0.102383	0.121593	0.130642	0.126799	0.110563	0.0858167	0.0586411	0.0348567	0.0177648	0.00761131	0.00266796	0.000739024	0.000155295	2.63455e-05	
511311	0.00014308	0.00309981	0.0133742	0.033276	0.0606345	0.0886417	0.108746	0.115314	0.108783	0.0946609	0.0792597	0.0660404	0.0552641	0.0458929	0.037181	0.0290112	0.0216061	0.0152474	0.0101308	0.0063043	0.00366001	0.00197674	0.000990352	0.000458123	0.000194085	7.43576e-05	2.53222e-05	7.50233e-06	1.88462e-06	3.89302e-07	6.37777e-08	8.6574e-09	
521311	7.92553e-06	0.000113302	0.000507806	0.00156601	0.00392279	0.00847182	0.0161873	0.0277005	0.0427183	0.0596119	0.0756066	0.0877163	0.0939617	0.0940698	0.0892191	0.0811661	0.0714612	0.0611457	0.050831	0.0408911	0.0316149	0.0232767	0.0161354	0.0103886	0.0061142	0.00322987	0.00149986	0.000597982	0.000199265	5.3821e-05	1.13746e-05	2.02811e-06	
531311	6.70722e-06	7.51701e-05	0.000270674	0.000692655	0.00149652	0.00291055	0.00524569	0.00889016	0.0142807	0.0218399	0.0318663	0.0443681	0.0588578	0.0741783	0.0884751	0.0994284	0.104768	0.102941	0.0937186	0.0785454	0.0603795	0.0427137	0.0280795	0.0172666	0.00986115	0.00512547	0.00236199	0.000938652	0.000312395	8.43337e-05	1.78157e-05	3.17429e-06	
541311	1.94043e-05	0.00020853	0.000711962	0.00170737	0.0034217	0.00612861	0.0101373	0.0157679	0.0233036	0.032901	0.0444443	0.0573596	0.0704862	0.0821539	0.0905481	0.0942456	0.0926602	0.0861781	0.075939	0.0634242	0.0500977	0.0372312	0.0258325	0.0165686	0.00970082	0.0051019	0.00236222	0.000940127	0.000312911	8.44333e-05	1.78262e-05	3.17447e-06	
551311	0.000272401	0.00355953	0.0128472	0.0295782	0.0526911	0.0784422	0.101368	0.116107	0.119439	0.111614	0.0960691	0.0775169	0.0597451	0.0446173	0.032456	0.022926	0.015625	0.0102292	0.00642698	0.00387565	0.00223636	0.00122479	0.000629045	0.000298962	0.000129746	5.07102e-05	1.75639e-05	5.28324e-06	1.34548e-06	2.81229e-07	4.65093e-08	6.36318e-09	
561311	1.20151e-05	0.000147519	0.000572443	0.00155025	0.00348122	0.00692279	0.0125806	0.0212428	0.0336099	0.0499496	0.0695509	0.0901677	0.107957	0.118423	0.118257	0.107046	0.0876816	0.0650989	0.0441091	0.0276234	0.0162312	0.00903308	0.00474942	0.00232842	0.00104523	0.000421222	0.000149161	4.53014e-05	1.14762e-05	2.35014e-06	3.75733e-07	4.89119e-08	
571311	3.44723e-06	4.64575e-05	0.000198113	0.000592631	0.00147677	0.00326155	0.00655214	0.012105	0.0206565	0.0326127	0.0476838	0.0646255	0.0812391	0.0947289	0.102474	0.103047	0.096858	0.085795	0.0721083	0.0575671	0.0434094	0.0306068	0.0199184	0.011775	0.00620267	0.0028498	0.00111723	0.000365755	9.78315e-05	2.08775e-05	3.45692e-06	4.67767e-07	
581311	0.000427134	0.00411042	0.0124838	0.0263192	0.0455011	0.0684097	0.0916417	0.110537	0.120628	0.11947	0.107777	0.0890716	0.0680312	0.0485963	0.0329137	0.0213997	0.0134639	0.00822628	0.00488874	0.00282868	0.00159088	0.000863558	0.000446835	0.000216975	9.71717e-05	3.93773e-05	1.41328e-05	4.38506e-06	1.14447e-06	2.43586e-07	4.0808e-08	5.64059e-09	
591311	2.86223e-06	3.65339e-05	0.000165352	0.000544926	0.0014837	0.00349212	0.007281	0.0136577	0.0232812	0.0362931	0.0519532	0.0685195	0.0835765	0.0947456	0.100407	0.100051	0.0941937	0.0840265	0.0710337	0.0566982	0.0423739	0.0292686	0.0183788	0.0103009	0.00505622	0.00213233	0.000757922	0.000222721	5.30655e-05	1.0047e-05	1.47856e-06	1.77078e-07	
601311	9.70372e-07	1.10602e-05	4.05431e-05	0.00010615	0.000238082	0.000495222	0.00100069	0.00201623	0.00407416	0.00816233	0.0158776	0.0292943	0.0501194	0.0779178	0.108231	0.132671	0.142438	0.1335	0.10925	0.0783785	0.0498068	0.028545	0.015059	0.00738915	0.00334316	0.00136099	0.000483448	0.000145318	3.59025e-05	7.0892e-06	1.08774e-06	1.3585e-07	
611311	9.7374e-06	0.000200943	0.00116011	0.00405665	0.0105426	0.0222391	0.0397137	0.0614011	0.0836059	0.102009	0.113232	0.115303	0.107942	0.0930508	0.0742628	0.0554207	0.0392176	0.0267625	0.0179116	0.0118946	0.00784983	0.00510157	0.0032115	0.00191959	0.00106652	0.000538716	0.000241637	9.38222e-05	3.06547e-05	8.16366e-06	1.70873e-06	3.02629e-07	
621311	5.47502e-06	7.35039e-05	0.000307929	0.000888722	0.00209936	0.00433348	0.0080593	0.0137105	0.0214888	0.0311421	0.0418976	0.0527218	0.0627936	0.071767	0.0795225	0.0856433	0.0891512	0.0887862	0.0836798	0.0739926	0.0610515	0.0468537	0.0333189	0.0217966	0.0129599	0.00688986	0.003211	0.00128232	0.00042748	0.000115423	2.43749e-05	4.34097e-06	
631311	7.32297e-05	0.000767922	0.00255549	0.00596884	0.0116465	0.0202997	0.0326131	0.048998	0.0691257	0.0912791	0.111833	0.125487	0.126972	0.114103	0.0901488	0.0626347	0.0388252	0.0220723	0.0119015	0.00626066	0.00325686	0.0016707	0.000832782	0.000395142	0.000174464	7.00271e-05	2.49482e-05	7.69213e-06	1.99652e-06	4.22891e-07	7.0554e-08	9.71361e-09	
641311	2.47474e-08	3.24035e-07	1.37116e-06	4.15405e-06	1.07534e-05	2.55367e-05	5.77184e-05	0.000126858	0.000274552	0.000588671	0.00125103	0.00262319	0.00538024	0.0106695	0.0201925	0.0359985	0.0596876	0.0907655	0.124447	0.150665	0.157287	0.138197	0.100009	0.0586977	0.0277909	0.0106901	0.00339948	0.000909539	0.000205456	3.84743e-05	5.7612e-06	7.11109e-07	
651311	7.68737e-06	0.000145815	0.000731803	0.0023306	0.00577226	0.0120316	0.0218901	0.035394	0.0513512	0.067338	0.08054	0.0890117	0.0923331	0.0911939	0.0865426	0.0791342	0.0696085	0.058706	0.0473141	0.0363405	0.0265409	0.0183888	0.0120393	0.00739115	0.00419912	0.00216636	0.000991382	0.000391866	0.00012994	3.50005e-05	7.38644e-06	1.3161e-06	
661311	2.96833e-07	5.82596e-06	3.84147e-05	0.000161411	0.000511936	0.00133203	0.00297732	0.00587192	0.0103884	0.0166857	0.024629	0.0339356	0.0445027	0.0565851	0.070421	0.0853205	0.0989464	0.10772	0.108385	0.0996665	0.082968	0.0619324	0.0410961	0.0241165	0.012518	0.00576502	0.00235155	0.000837365	0.000253218	6.27918e-05	1.22927e-05	2.03219e-06	
671311	6.66727e-07	1.65216e-05	0.000101543	0.000394721	0.00119204	0.00302142	0.0066759	0.0131441	0.0233884	0.0379712	0.0565903	0.0776259	0.0979223	0.113219	0.1195	0.114798	0.100305	0.0799056	0.0583821	0.0394948	0.0250067	0.0149296	0.00839941	0.00441314	0.00213502	0.000935304	0.00036389	0.000122824	3.49662e-05	8.1236e-06	1.48316e-06	2.24852e-07	
681311	8.18943e-05	0.000825533	0.00262776	0.00583666	0.0107472	0.0175085	0.0260275	0.0359109	0.0464743	0.0568196	0.0659652	0.0730187	0.0773661	0.0788094	0.0775705	0.0741355	0.0690217	0.0626068	0.0551193	0.0467675	0.0378837	0.0289797	0.0206852	0.0135975	0.00811267	0.00432091	0.0020155	0.000805255	0.000268536	7.25332e-05	1.53239e-05	2.73056e-06	
691311	3.69748e-05	0.00078905	0.00358234	0.00968011	0.0196445	0.0327416	0.0468913	0.0594351	0.0683408	0.0730124	0.0741836	0.0731495	0.0710069	0.0683204	0.0651712	0.061366	0.056648	0.0508614	0.0440581	0.0365301	0.0287612	0.0213214	0.0147408	0.00939885	0.00545489	0.00283743	0.00129867	0.00051166	0.000169066	4.54349e-05	9.58135e-06	1.70844e-06	
701311	1.68136e-05	0.000184844	0.000657575	0.00167134	0.00359758	0.00697299	0.0124863	0.0208762	0.0326938	0.0479087	0.0654259	0.0828202	0.0968143	0.104574	0.104883	0.0982562	0.086274	0.071016	0.0547643	0.0396334	0.0270735	0.0175891	0.0109066	0.00641425	0.00351834	0.00175912	0.000781802	0.000300829	9.74176e-05	2.57191e-05	5.33878e-06	9.37288e-07	
711311	1.97342e-06	4.58241e-05	0.000270036	0.00096351	0.00257497	0.00565246	0.010735	0.0182502	0.0284342	0.0411727	0.0556764	0.070225	0.0824737	0.0903935	0.093132	0.091059	0.0851458	0.0764135	0.0658012	0.054229	0.0425973	0.0317051	0.0221714	0.0143969	0.00854869	0.00455624	0.00213337	0.000856639	0.000287103	7.78846e-05	1.65103e-05	2.9496e-06	
721311	0.000264973	0.00278157	0.00924759	0.0212996	0.0399627	0.0644732	0.0910176	0.112623	0.122068	0.116889	0.101219	0.0819928	0.0641792	0.0494637	0.037605	0.0279648	0.0201476	0.0139767	0.0093048	0.00592324	0.00358203	0.00203826	0.00107927	0.00052567	0.000232591	9.21407e-05	3.21101e-05	9.63876e-06	2.43157e-06	5.00968e-07	8.15208e-08	1.09671e-08	
731311	1.64035e-07	2.60326e-06	1.45663e-05	6.10877e-05	0.000216536	0.000665957	0.00179267	0.00424871	0.00891815	0.0166914	0.0280711	0.0427605	0.0594236	0.0757677	0.0890817	0.0972101	0.0994302	0.0964045	0.0892445	0.0788223	0.0659588	0.0518251	0.037876	0.0254612	0.0155077	0.00839	0.0039354	0.00155656	0.000503454	0.000128747	2.50824e-05	3.95072e-06	
741311	6.87507e-05	0.000872693	0.00336306	0.00877667	0.0185298	0.0337467	0.0542709	0.0777207	0.0997832	0.115749	0.121974	0.116862	0.101665	0.0804522	0.0585046	0.0398986	0.0261626	0.0167909	0.010572	0.00646258	0.00377806	0.00208197	0.00106814	0.000504688	0.000217325	8.42961e-05	2.90179e-05	8.6916e-06	2.20776e-06	4.6075e-07	7.61169e-08	1.0403e-08	
751311	2.04412e-05	0.000306524	0.00132517	0.00378253	0.00860332	0.0167642	0.0288903	0.0445484	0.061606	0.0766319	0.0865936	0.0903226	0.0884794	0.0826646	0.0746519	0.0659391	0.0574756	0.0495774	0.0421208	0.0348879	0.0278165	0.0210637	0.0149406	0.00978449	0.00582522	0.00309894	0.0014446	0.000576969	0.000192371	5.19547e-05	1.09755e-05	1.95562e-06	
761311	1.34542e-06	3.27418e-05	0.000217452	0.000894895	0.00279466	0.00719259	0.0158329	0.0302927	0.0507236	0.0746445	0.0970238	0.112324	0.117371	0.112579	0.100626	0.0844508	0.0664325	0.0486228	0.0328895	0.0205388	0.0119104	0.00647409	0.00332131	0.0016078	0.00072862	0.000304733	0.000115312	3.84982e-05	1.10052e-05	2.60343e-06	4.90666e-07	7.8424e-08	
771311	6.08843e-05	0.00175569	0.0085955	0.0226504	0.0426692	0.065796	0.0894214	0.109744	0.12089	0.11872	0.104822	0.0850377	0.0650045	0.0478517	0.0345224	0.0247485	0.0177763	0.0128023	0.00918388	0.00648945	0.00446126	0.00294898	0.00185345	0.00109437	0.000598364	0.000297598	0.000131766	5.06527e-05	1.64306e-05	4.35507e-06	9.09483e-07	1.61158e-07	
781311	3.31702e-05	0.000354357	0.00120153	0.00285701	0.00566318	0.00999747	0.016224	0.0246198	0.0352795	0.0480022	0.0621708	0.0766464	0.089725	0.0992591	0.103087	0.0998182	0.0896517	0.0745466	0.0574426	0.0410836	0.0272718	0.0167637	0.00950318	0.00493989	0.00233496	0.000991269	0.000371409	0.000120005	3.24951e-05	7.13233e-06	1.22197e-06	1.71116e-07	
791311	2.78992e-05	0.000397596	0.00194508	0.00654601	0.0168729	0.0347061	0.0585655	0.0830158	0.101236	0.109058	0.106776	0.0975622	0.0848691	0.071124	0.0577735	0.0456754	0.0352902	0.0267405	0.0198964	0.0145005	0.0102805	0.0070145	0.00454384	0.0027516	0.0015317	0.000769542	0.000341908	0.000131273	4.24162e-05	1.11865e-05	2.32436e-06	4.09893e-07	
801311	1.65876e-06	3.26031e-05	0.000169218	0.000564163	0.00148834	0.00337558	0.00685643	0.0127579	0.0220229	0.0354581	0.0532252	0.0742009	0.0956275	0.113414	0.123079	0.121243	0.107423	0.0850145	0.0600918	0.0383025	0.0223879	0.0121828	0.00619745	0.00292142	0.0012554	0.000482708	0.000162924	4.73093e-05	1.15576e-05	2.3143e-06	3.67994e-07	4.85679e-08	
811311	1.07891e-05	0.000161775	0.000776681	0.00239145	0.00556492	0.0105863	0.0172739	0.0250339	0.0331893	0.0413774	0.0496639	0.0581885	0.0666678	0.0742785	0.0799869	0.0829413	0.0826328	0.078884	0.0718631	0.062156	0.0507548	0.0388781	0.0277105	0.0181825	0.0108348	0.00576723	0.00268947	0.0010744	0.000358249	9.67515e-05	2.04369e-05	3.64077e-06	
821311	6.82888e-05	0.000696068	0.00223573	0.00500127	0.00927364	0.0152535	0.0229878	0.0322228	0.0422413	0.0519395	0.0602872	0.0668013	0.0715399	0.0746945	0.0762595	0.0760014	0.0736183	0.0689354	0.0620449	0.0533503	0.0435221	0.0334031	0.0238762	0.0157046	0.00937274	0.00499308	0.00232946	0.000930866	0.000310485	8.38811e-05	1.77253e-05	3.15933e-06	
831311	6.50609e-06	8.59155e-05	0.000359381	0.00105264	0.00256565	0.00554708	0.0109319	0.0198484	0.0332818	0.0514592	0.0731385	0.0952176	0.113125	0.122181	0.119551	0.105778	0.0847342	0.0617898	0.041422	0.0258494	0.0151977	0.00848098	0.0044908	0.00223504	0.00102704	0.000425674	0.000155049	4.82901e-05	1.24918e-05	2.60049e-06	4.20717e-07	5.51755e-08	
841311	1.26594e-05	0.000136036	0.0004655	0.00112191	0.00226656	0.00410567	0.00689027	0.0109068	0.0164506	0.0237733	0.0329961	0.0440008	0.0563348	0.0691925	0.0814952	0.0919919	0.0992408	0.101501	0.0969689	0.0848729	0.0668614	0.0469591	0.029459	0.0166809	0.00861457	0.00406052	0.00172459	0.000644253	0.000205099	5.36604e-05	1.1088e-05	1.94202e-06	
851311	4.98194e-06	9.39252e-05	0.000481254	0.00159271	0.00418013	0.00944436	0.0190379	0.0346138	0.0565991	0.0826001	0.106949	0.12272	0.125334	0.114966	0.0959625	0.0740521	0.0536779	0.0370074	0.0244411	0.0155034	0.00943724	0.00548831	0.003023	0.0015574	0.000739067	0.000317523	0.0001211	4.0063e-05	1.11825e-05	2.54871e-06	4.56759e-07	6.78444e-08	
861311	2.5152e-07	3.06487e-06	1.27074e-05	3.96154e-05	0.000107559	0.000264152	0.00059735	0.00126559	0.00255258	0.00495038	0.00924569	0.0165243	0.0279395	0.0441208	0.0643655	0.0861258	0.105355	0.117737	0.12018	0.111915	0.0948755	0.0731164	0.0512309	0.032609	0.0187328	0.00957402	0.00426611	0.00161985	0.000511572	0.000130911	2.6347e-05	4.5007e-06	
871311	4.33792e-05	0.000515148	0.00190098	0.0048464	0.0101318	0.018392	0.0296268	0.042887	0.056472	0.0684923	0.0774404	0.0825631	0.0839264	0.0821435	0.0779445	0.0718904	0.0643792	0.0558186	0.0467272	0.0376723	0.0291437	0.0214903	0.0149447	0.00966126	0.00570749	0.00302301	0.00140577	0.000560708	0.00018681	5.04315e-05	1.0651e-05	1.8974e-06	
881311	6.79819e-05	0.00129214	0.00508889	0.0121137	0.0217649	0.0323238	0.0419098	0.0495141	0.0552747	0.0598639	0.0637194	0.066794	0.0687726	0.0693592	0.0684095	0.0659217	0.0619716	0.0566661	0.0501488	0.0426536	0.0345641	0.0264187	0.0188339	0.0123666	0.00737256	0.00392513	0.0018307	0.0007315	0.000243998	6.5926e-05	1.39331e-05	2.48389e-06	
891311	0.00518389	0.0175908	0.0230829	0.0263015	0.0294863	0.0330249	0.0369155	0.0410887	0.0454367	0.0498142	0.0540371	0.0578812	0.0610823	0.0633458	0.064366	0.06386	0.0616139	0.0575377	0.051719	0.0444598	0.0362768	0.0278489	0.0199086	0.0130951	0.00781504	0.00416301	0.00194207	0.000776002	0.000258809	6.99138e-05	1.47723e-05	2.63266e-06	
901311	0.00992371	0.0348464	0.0429881	0.0427236	0.040924	0.0398313	0.0398975	0.0410734	0.0431607	0.0458906	0.048946	0.051981	0.0546389	0.0565689	0.0574432	0.0569789	0.0549709	0.051333	0.0461413	0.0396648	0.0323642	0.0248453	0.0177614	0.0116828	0.00697219	0.00371406	0.00173264	0.000692327	0.000230905	6.2377e-05	1.31801e-05	2.34896e-06	
911311	0.00707203	0.0232736	0.0284566	0.0299333	0.0314953	0.0338282	0.0368896	0.0405201	0.0445236	0.04868	0.0527522	0.0564852	0.0596031	0.0618102	0.0628052	0.0623114	0.0601197	0.0561423	0.0504647	0.0433816	0.0353971	0.0271737	0.0194259	0.0127776	0.0076256	0.00406212	0.00189501	0.000757204	0.000252542	6.82214e-05	1.44149e-05	2.56899e-06	
921311	0.00130081	0.00463052	0.0076513	0.0116382	0.0167391	0.0227375	0.0293921	0.0364497	0.0436341	0.0506512	0.0571972	0.062965	0.0676478	0.0709429	0.0725619	0.0722531	0.0698406	0.0652759	0.0586956	0.0504641	0.0411781	0.0316124	0.0225994	0.0148653	0.0088716	0.00472591	0.0022047	0.000880955	0.000293817	7.93722e-05	1.67711e-05	2.98892e-06	
931311	0.000607703	0.00500796	0.0122755	0.0202715	0.0274785	0.0334571	0.0385031	0.0430966	0.0475631	0.0519924	0.0562856	0.0602251	0.063526	0.0658682	0.0669251	0.066398	0.0640625	0.0598243	0.0537744	0.0462268	0.0377187	0.0289559	0.0207	0.0136157	0.00812572	0.00432852	0.00201928	0.000806855	0.0002691	7.26938e-05	1.53597e-05	2.73735e-06	
941311	5.80651e-05	0.000696092	0.00224198	0.00473677	0.00814118	0.0124137	0.0175251	0.0234647	0.0302342	0.0378083	0.0460687	0.0547405	0.0633535	0.071247	0.0776241	0.0816555	0.0826218	0.0800741	0.0739807	0.0648123	0.0535156	0.0413549	0.0296563	0.0195304	0.0116599	0.00621183	0.00289809	0.00115811	0.000386286	0.00010436	2.20528e-05	3.93058e-06	
951311	0.000149785	0.0014588	0.00445391	0.00941568	0.0163881	0.0251122	0.0350232	0.045311	0.0550224	0.0632015	0.0691093	0.0724947	0.0736935	0.0733337	0.0718147	0.0690305	0.06458	0.058257	0.0503828	0.0417045	0.0330037	0.0248332	0.017562	0.0114942	0.00684528	0.00364343	0.00169918	0.000678907	0.000226436	6.11752e-05	1.29279e-05	2.30445e-06	
961311	1.61033e-05	0.000181444	0.000667729	0.00176157	0.00392053	0.00777171	0.013996	0.0230477	0.0347689	0.0481245	0.0613437	0.0725226	0.0803532	0.0844675	0.0851992	0.083067	0.0784604	0.0716864	0.0631426	0.053376	0.0430302	0.0327922	0.0233556	0.0153388	0.00914927	0.00487291	0.00227303	0.000908152	0.000302846	8.17984e-05	1.72807e-05	3.07909e-06	
971311	9.90688e-08	2.70086e-06	1.57169e-05	5.59034e-05	0.000154776	0.000365889	0.000771679	0.00148968	0.00268223	0.00457442	0.00747793	0.0118085	0.0180759	0.0268141	0.0384168	0.0528701	0.0694426	0.0864737	0.101423	0.11128	0.113307	0.105991	0.0899022	0.0680164	0.0449917	0.0254192	0.0119434	0.00453105	0.00134445	0.000301767	4.9525e-05	6.17903e-06	
981311	8.9424e-06	0.000148548	0.000760106	0.00256512	0.00667736	0.0142539	0.025793	0.040468	0.0560696	0.0697911	0.0794342	0.0842719	0.0850305	0.0830692	0.0794197	0.0743938	0.067861	0.0597346	0.0502619	0.0400564	0.0299691	0.0208739	0.0134325	0.00793169	0.00426812	0.00207428	0.000898022	0.000339273	0.000108787	2.86183e-05	5.94117e-06	1.04527e-06	
991311	7.88494e-06	8.46171e-05	0.000293783	0.000736057	0.00159163	0.00316968	0.00594005	0.0104804	0.0172803	0.0264554	0.0375574	0.0496351	0.0615181	0.0721555	0.0807955	0.0868987	0.0899374	0.0893632	0.0848137	0.0763774	0.0647363	0.0511392	0.0372098	0.0245946	0.0145349	0.00754421	0.00337108	0.00126825	0.000391827	9.66577e-05	1.8439e-05	2.90193e-06	
1.00131e+06	1.89957e-05	0.000329277	0.00163469	0.00481581	0.0103048	0.0180057	0.0277673	0.0395001	0.0527206	0.0662338	0.0783552	0.0873966	0.0920945	0.0918846	0.0869938	0.0783362	0.0672531	0.0551876	0.0433941	0.0327563	0.0237416	0.016473	0.0108598	0.00671772	0.00383372	0.0019781	0.000902178	0.000354754	0.000116978	3.13466e-05	6.58582e-06	1.16852e-06	
1.01131e+06	1.788e-05	0.000508224	0.00272693	0.00766252	0.0148628	0.022615	0.0293306	0.0346468	0.0393137	0.0443467	0.0503071	0.0570615	0.0639336	0.0700135	0.0744183	0.0764376	0.0756107	0.0717902	0.065185	0.0563501	0.0461128	0.0354563	0.0253743	0.0167055	0.00997758	0.00531821	0.00248198	0.000991981	0.000330891	8.93954e-05	1.88904e-05	3.36691e-06	
1.02131e+06	4.52531e-06	5.98734e-05	0.000248742	0.000721935	0.00174879	0.00378679	0.00755935	0.014083	0.0245159	0.0396755	0.0592325	0.0809703	0.100825	0.114146	0.117631	0.110693	0.0954858	0.0758827	0.0559639	0.0386581	0.0251952	0.0154968	0.00891646	0.00472825	0.00227265	0.000973902	0.000365683	0.000117888	3.18191e-05	6.97171e-06	1.19517e-06	1.67903e-07	
1.03131e+06	1.91108e-05	0.000211691	0.000754144	0.00191744	0.00414113	0.00809092	0.0146537	0.024766	0.038965	0.0566865	0.0756806	0.0922083	0.10236	0.103878	0.0972142	0.0850935	0.0709729	0.0575025	0.0458727	0.0361154	0.0278053	0.0206012	0.0144262	0.00937876	0.00556142	0.00295278	0.00137551	0.000549446	0.000183319	4.95619e-05	1.04838e-05	1.87121e-06	
1.04131e+06	3.16108e-05	0.000729879	0.00370338	0.0109319	0.023678	0.0413506	0.0611526	0.0789975	0.0912811	0.0963828	0.0949552	0.0890114	0.080642	0.0712212	0.0613693	0.0513569	0.0414843	0.0321882	0.0239256	0.0170124	0.0115504	0.00745832	0.00454888	0.00259468	0.00136622	0.000653163	0.000277783	0.000102566	3.19698e-05	8.14851e-06	1.63785e-06	2.78312e-07	
1.05131e+06	9.88632e-05	0.00121729	0.00445877	0.0108034	0.0206499	0.0333446	0.0471022	0.0595332	0.0685879	0.0733669	0.0742896	0.0725824	0.0695311	0.065991	0.0623046	0.0584476	0.0542079	0.0493343	0.0436623	0.0372111	0.0302272	0.0231548	0.0165363	0.010872	0.0064868	0.00345501	0.00161163	0.000643912	0.000214739	5.80049e-05	1.22553e-05	2.18393e-06	
1.06131e+06	0.000130181	0.00127202	0.00393718	0.00849688	0.0151285	0.0236564	0.0334854	0.0436935	0.0532658	0.0613629	0.0674895	0.0714907	0.073432	0.07348	0.0718365	0.0687012	0.06424	0.0585706	0.0517969	0.0440932	0.0357925	0.0274119	0.0195774	0.012873	0.0076817	0.00409192	0.00190894	0.000762792	0.000254417	6.87322e-05	1.45239e-05	2.58869e-06	
1.07131e+06	9.15355e-06	9.80201e-05	0.000378673	0.00112115	0.00285003	0.00636855	0.0126443	0.0225146	0.0362426	0.0530715	0.0710343	0.0872555	0.0987569	0.103459	0.100879	0.0921608	0.0794762	0.0651851	0.0511874	0.0386571	0.0280996	0.019571	0.0129185	0.00794414	0.00445335	0.00222082	0.000959754	0.00034951	0.000104025	2.44621e-05	4.37663e-06	6.24557e-07	
1.08131e+06	0.000924388	0.00815815	0.0222769	0.0415005	0.0626036	0.0816354	0.0950554	0.100879	0.0992666	0.0921442	0.0820486	0.070965	0.0598971	0.0491913	0.0390582	0.0298179	0.0218343	0.0153514	0.0104012	0.00682057	0.00433592	0.00266071	0.00155853	0.00085764	0.000435424	0.000200102	8.15536e-05	2.8814e-05	8.59868e-06	2.10298e-06	4.06995e-07	6.66255e-08	
1.09131e+06	5.58611e-06	6.37031e-05	0.000234227	0.000614116	0.00136387	0.00273434	0.0050896	0.00891265	0.0147781	0.0232786	0.034893	0.0497798	0.0674599	0.086377	0.103488	0.114438	0.115106	0.104311	0.085328	0.0639546	0.0448697	0.0299554	0.0191126	0.0115635	0.00652338	0.00335533	0.00153386	0.000606281	0.00020117	5.42462e-05	1.14634e-05	2.04592e-06	
1.10131e+06	1.6754e-05	0.000203127	0.000766739	0.00198907	0.00421518	0.00780042	0.0130274	0.0200128	0.028636	0.0385203	0.0490765	0.0595866	0.0692895	0.0774395	0.0833268	0.0862941	0.0858109	0.0816258	0.0739305	0.0634327	0.0512739	0.0388051	0.0272961	0.0176809	0.0104201	0.00550137	0.00255231	0.00101682	0.000338651	9.14264e-05	1.93125e-05	3.44123e-06	
1.11131e+06	6.82663e-05	0.000780155	0.00275246	0.00660342	0.0127803	0.0213116	0.0316586	0.0427812	0.0534315	0.0625638	0.0696221	0.0744831	0.0771378	0.0774922	0.075481	0.0712864	0.0653715	0.0582892	0.0504765	0.0422296	0.0338346	0.0256782	0.0182341	0.0119511	0.00712049	0.0037907	0.00176819	0.000706607	0.000235717	6.3694e-05	1.34626e-05	2.40025e-06	
1.12131e+06	9.74283e-08	2.15658e-06	1.24318e-05	4.62861e-05	0.000137626	0.000355066	0.000826974	0.00177617	0.00356165	0.00671716	0.0119591	0.0201073	0.0318519	0.0473739	0.0659756	0.0858853	0.104197	0.117031	0.120471	0.112426	0.0942813	0.0707053	0.0474165	0.0285527	0.0155182	0.0076162	0.00334408	0.00128733	0.000422286	0.000114066	2.43971e-05	4.45514e-06	
1.13131e+06	7.72815e-07	9.4459e-06	3.87623e-05	0.000115188	0.00028808	0.000637895	0.00128115	0.00237181	0.00410403	0.00672503	0.0105613	0.0160436	0.0236943	0.034034	0.0473742	0.0634939	0.0812492	0.0982722	0.111074	0.115902	0.110329	0.0947819	0.0727967	0.0495435	0.029587	0.0153253	0.00679383	0.00254001	0.000787691	0.000198482	3.95304e-05	6.7031e-06	
