8087	9.79843e-08	3.31383e-06	2.76002e-05	0.000138081	0.000518065	0.00159586	0.00421703	0.00977692	0.0201134	0.0368953	0.0604109	0.0881893	0.114502	0.131798	0.134057	0.120336	0.0957763	0.0686033	0.0453509	0.0284646	0.0173089	0.0102393	0.0058308	0.00314019	0.00156879	0.000712399	0.000287496	0.00010051	2.95762e-05	7.09095e-06	1.33502e-06	2.09567e-07	
18087	6.44946e-06	0.000197463	0.00311048	0.0218443	0.0530465	0.0664696	0.0704136	0.0746598	0.0769853	0.078516	0.0804067	0.0813204	0.079367	0.0736678	0.0645238	0.0531055	0.041007	0.0297432	0.0203498	0.0132153	0.00818126	0.00481526	0.00266404	0.00136204	0.000631268	0.000259906	9.3055e-05	2.83225e-05	7.1512e-06	1.45817e-06	2.32935e-07	3.05452e-08	
28087	0.000243777	0.00837568	0.0748962	0.238883	0.316938	0.202123	0.0816498	0.0312986	0.0153892	0.00954728	0.00645898	0.00444351	0.00306741	0.00212888	0.00148624	0.00103808	0.000718741	0.000488833	0.000324315	0.000208774	0.00012969	7.7157e-05	4.34887e-05	2.28924e-05	1.10623e-05	4.81263e-06	1.8445e-06	6.07829e-07	1.67532e-07	3.74194e-08	6.53105e-09	9.35633e-10	
38087	5.54994e-08	3.67963e-06	8.37706e-05	0.000840229	0.00309295	0.00538821	0.00813813	0.01467	0.027178	0.0467563	0.072073	0.0977322	0.115757	0.120451	0.112156	0.0960307	0.0777378	0.0606473	0.0459313	0.033729	0.0238706	0.0161066	0.0101981	0.00594516	0.00313094	0.00146367	0.00059755	0.000209511	6.1878e-05	1.502e-05	2.90166e-06	4.77447e-07	
48087	0.000185119	0.00230768	0.00986304	0.0320005	0.0909316	0.187578	0.235407	0.191101	0.116675	0.060039	0.0300076	0.0162254	0.00958663	0.00599719	0.0038916	0.00260454	0.00179322	0.00125913	0.000887935	0.000618143	0.000418252	0.000271318	0.000166531	9.53833e-05	5.02058e-05	2.38669e-05	1.00453e-05	3.65857e-06	1.12294e-06	2.81723e-07	5.57592e-08	9.32156e-09	
58087	5.78912e-05	0.00209011	0.0168621	0.0654898	0.161574	0.262427	0.246539	0.134198	0.0546232	0.0230266	0.0118562	0.0072018	0.00472569	0.00318356	0.00215278	0.001445	0.000957136	0.000623445	0.000397882	0.000247452	0.00014879	8.5586e-05	4.64821e-05	2.34788e-05	1.08483e-05	4.50257e-06	1.64526e-06	5.1738e-07	1.36419e-07	2.92679e-08	4.93485e-09	6.86127e-10	
68087	0.000441966	0.00433113	0.0154634	0.0411662	0.0879809	0.150614	0.18834	0.175489	0.135091	0.0893036	0.0520135	0.0277861	0.0142372	0.00735264	0.00401637	0.00237122	0.00149014	0.000964475	0.000624115	0.000395437	0.000241633	0.000140563	7.68517e-05	3.89541e-05	1.80291e-05	7.48956e-06	2.73829e-06	8.61496e-07	2.27243e-07	4.87694e-08	8.22503e-09	1.14379e-09	
78087	0.00165148	0.0479146	0.172625	0.271022	0.24995	0.152743	0.0664461	0.0229648	0.0076611	0.00298517	0.00144272	0.000832683	0.000539299	0.000371901	0.00026417	0.000189353	0.000134973	9.45848e-05	6.45259e-05	4.24613e-05	2.6702e-05	1.58866e-05	8.84338e-06	4.54814e-06	2.13017e-06	8.93594e-07	3.29365e-07	1.04322e-07	2.76729e-08	5.96709e-09	1.01037e-09	1.41032e-10	
88087	0.00891362	0.325329	0.400003	0.156044	0.0497526	0.0242577	0.01398	0.00791393	0.00447523	0.00268205	0.00178307	0.00129834	0.000988262	0.000756946	0.000571131	0.000419677	0.000298293	0.000204189	0.000134239	8.45808e-05	5.094e-05	2.91834e-05	1.5771e-05	7.94008e-06	3.66518e-06	1.52248e-06	5.5731e-07	1.75627e-07	4.64059e-08	9.97543e-09	1.68482e-09	2.34631e-10	
98087	0.0163097	0.383975	0.429641	0.140578	0.0234598	0.00347698	0.000959485	0.000495207	0.00032827	0.000230689	0.000163551	0.000115644	8.14656e-05	5.73216e-05	4.03866e-05	2.84837e-05	2.00209e-05	1.39119e-05	9.45853e-06	6.22326e-06	3.91921e-06	2.33656e-06	1.30349e-06	6.71787e-07	3.15244e-07	1.32472e-07	4.8902e-08	1.55098e-08	4.11904e-09	8.89095e-10	1.5068e-10	2.1051e-11	
108087	1.69779e-06	0.00107341	0.0153822	0.0355362	0.0608469	0.108354	0.132012	0.126976	0.111058	0.0901373	0.0712019	0.0568568	0.045722	0.0365277	0.0289098	0.0227	0.0176032	0.0133213	0.00969118	0.00667852	0.00430154	0.00255859	0.00139059	0.000683917	0.000301413	0.0001177	4.01457e-05	1.1743e-05	2.87966e-06	5.76268e-07	9.11858e-08	1.19322e-08	
118087	0.000907925	0.008416	0.0289177	0.0730828	0.142524	0.200105	0.171355	0.103525	0.0642658	0.0469875	0.0371853	0.02986	0.0237723	0.0187081	0.0145731	0.0111937	0.00838387	0.00603837	0.00413336	0.00266746	0.00161412	0.000911645	0.000478051	0.000231062	0.000101921	4.04954e-05	1.42533e-05	4.35147e-06	1.12256e-06	2.37139e-07	3.95498e-08	5.45085e-09	
128087	8.45738e-05	0.00167393	0.00738508	0.0196012	0.0396341	0.0676958	0.101846	0.133184	0.14697	0.135689	0.108021	0.078818	0.0557309	0.038608	0.0257074	0.0162475	0.00980278	0.00574551	0.00332946	0.00192101	0.00109594	0.000608343	0.000322299	0.000159847	7.28185e-05	2.9886e-05	1.0823e-05	3.37901e-06	8.85738e-07	1.89112e-07	3.17569e-08	4.39842e-09	
138087	1.38303e-05	0.00106447	0.0120069	0.0587202	0.14856	0.216692	0.203486	0.143778	0.0865727	0.0477303	0.0263984	0.015733	0.0102689	0.00726773	0.00546711	0.00426261	0.00336179	0.00262768	0.00200262	0.00146832	0.00102332	0.000669922	0.000406831	0.000226039	0.000113126	5.00978e-05	1.92335e-05	6.25264e-06	1.67543e-06	3.58839e-07	5.93238e-08	7.90349e-09	
148087	1.68108e-07	9.96415e-06	0.000219417	0.00274624	0.0168136	0.0456206	0.0618775	0.0586589	0.0545417	0.0570704	0.0638625	0.0708086	0.0756763	0.0778046	0.077104	0.0735575	0.0671377	0.0580012	0.046843	0.0350055	0.0240686	0.0152078	0.00883547	0.00471019	0.00228412	0.000991596	0.000377445	0.0001231	3.3547e-05	7.42235e-06	1.28789e-06	1.84109e-07	
158087	1.53298e-05	0.00113732	0.0101527	0.0365638	0.0800451	0.126039	0.147005	0.133391	0.109759	0.0919668	0.0770062	0.0611427	0.0449575	0.0306022	0.0195869	0.012112	0.00743369	0.00457937	0.00280833	0.00168494	0.000973042	0.000534264	0.00027621	0.000133149	5.912e-05	2.37879e-05	8.49646e-06	2.6285e-06	6.84841e-07	1.45607e-07	2.43766e-08	3.36755e-09	
168087	5.94107e-06	0.000296639	0.00290479	0.0141486	0.0445327	0.100685	0.165721	0.195712	0.167782	0.11075	0.063625	0.0371149	0.0242441	0.0177164	0.0137626	0.0108804	0.00854734	0.00658902	0.00494623	0.00359431	0.00251245	0.00167506	0.00105293	0.000615054	0.000328312	0.000157181	6.61064e-05	2.38604e-05	7.19674e-06	1.7592e-06	3.36391e-07	5.35641e-08	
178087	8.99134e-06	0.000172206	0.00109256	0.00506545	0.018531	0.0497287	0.0922771	0.124876	0.136619	0.131056	0.114855	0.0937033	0.0724597	0.0538615	0.0385497	0.0263446	0.0170432	0.0104287	0.00608419	0.00342527	0.0018769	0.00100032	0.0005129	0.000248523	0.00011145	4.5253e-05	1.62601e-05	5.04488e-06	1.31536e-06	2.79514e-07	4.67404e-08	6.44705e-09	
188087	0.000438342	0.00741996	0.0287712	0.0694434	0.132763	0.203672	0.223259	0.164925	0.0883772	0.0403851	0.0184016	0.0091042	0.00493992	0.00289582	0.00180747	0.00118082	0.000791001	0.000532221	0.000353316	0.000228056	0.000141354	8.31446e-05	4.58485e-05	2.33887e-05	1.08747e-05	4.53128e-06	1.65971e-06	5.2263e-07	1.37899e-07	2.9595e-08	4.99086e-09	6.94039e-10	
198087	1.15768e-06	3.88274e-05	0.000274597	0.00117037	0.00380643	0.010258	0.0235783	0.0465183	0.0785562	0.112975	0.1379	0.143035	0.127191	0.0990822	0.0703643	0.0480706	0.0330164	0.0230164	0.0159472	0.0106708	0.00673761	0.00394685	0.00211694	0.00102804	0.000447305	0.00017246	5.81594e-05	1.6877e-05	4.12734e-06	8.2863e-07	1.32202e-07	1.75121e-08	
208087	1.95811e-06	7.66972e-05	0.000752241	0.00369994	0.0119261	0.0285241	0.0538924	0.0829906	0.105974	0.114614	0.109266	0.0968754	0.0829408	0.068964	0.0555791	0.0440155	0.0350044	0.0281885	0.0226998	0.0178655	0.0134424	0.00949383	0.00619146	0.0036679	0.00193972	0.000898412	0.000356858	0.000118773	3.22856e-05	6.96672e-06	1.156e-06	1.54584e-07	
218087	6.27402e-05	0.00340116	0.03644	0.127331	0.196354	0.170071	0.117594	0.0899166	0.0740254	0.0585959	0.0432391	0.0298057	0.0194565	0.0123248	0.0077964	0.00500338	0.00324498	0.00209897	0.00133682	0.000829785	0.000497411	0.000285062	0.000154264	7.7674e-05	3.57846e-05	1.48089e-05	5.3943e-06	1.69065e-06	4.44249e-07	9.4995e-08	1.5969e-08	2.21401e-09	
228087	0.000120232	0.00681703	0.0619603	0.196419	0.280039	0.213096	0.10978	0.0541363	0.0301448	0.0176059	0.0104056	0.0063883	0.0041687	0.0028615	0.00200802	0.00140587	0.000967294	0.000648303	0.000420997	0.000263824	0.000158797	9.1154e-05	4.93842e-05	2.49069e-05	1.15044e-05	4.77758e-06	1.7476e-06	5.50252e-07	1.45272e-07	3.12049e-08	5.26716e-09	7.33098e-10	
238087	1.32658e-07	1.78448e-06	7.77623e-06	2.43457e-05	6.53762e-05	0.000161579	0.000381038	0.000875992	0.00198969	0.00448349	0.00991098	0.0208738	0.0402977	0.0689446	0.10242	0.131129	0.145107	0.140211	0.119447	0.0898324	0.0593231	0.0342918	0.0174353	0.00788499	0.0032051	0.00117265	0.000381678	0.000108075	2.58884e-05	5.08657e-06	7.92222e-07	1.01943e-07	
248087	0.000439475	0.0166833	0.111525	0.290126	0.309776	0.1569	0.0544836	0.0211959	0.0108285	0.00661426	0.00455964	0.00342449	0.00271134	0.00221149	0.00183279	0.00152789	0.00126942	0.00104171	0.000836787	0.000651899	0.000487725	0.000346726	0.000231508	0.000143315	8.10592e-05	4.11913e-05	1.84447e-05	7.11559e-06	2.30379e-06	6.07193e-07	1.25742e-07	2.20127e-08	
258087	4.99352e-06	0.00099387	0.0319516	0.161431	0.236403	0.169867	0.103267	0.0682683	0.048989	0.0385645	0.0321668	0.0268547	0.0217947	0.0171067	0.0130346	0.00967549	0.0069862	0.00487125	0.00324552	0.00204444	0.00120731	0.000664403	0.000339238	0.000159922	6.90701e-05	2.70012e-05	9.39188e-06	2.84286e-06	7.28712e-07	1.53169e-07	2.54404e-08	3.49272e-09	
268087	2.63966e-05	0.000287049	0.000991216	0.00240083	0.00484804	0.00872014	0.0144276	0.0223576	0.0328167	0.0459473	0.0615636	0.0788055	0.0955879	0.10824	0.112371	0.10554	0.0896846	0.0700845	0.0516063	0.0363881	0.0245012	0.0154897	0.00901019	0.00473573	0.00221418	0.00090763	0.000321197	9.63285e-05	2.39269e-05	4.78928e-06	7.48682e-07	9.5446e-08	
278087	3.61756e-07	7.50025e-06	5.17886e-05	0.000265253	0.00112245	0.00393173	0.0112224	0.0256391	0.0466161	0.0686753	0.0854423	0.0942276	0.0955907	0.091724	0.0856055	0.0792597	0.0727426	0.0649892	0.0552063	0.0436368	0.0315183	0.0204913	0.0118428	0.00602303	0.00267395	0.00102916	0.000340838	9.61063e-05	2.27028e-05	4.39023e-06	6.74118e-07	8.56681e-08	
288087	7.25713e-05	0.00229534	0.0150972	0.0498332	0.106703	0.165167	0.19293	0.17325	0.122892	0.0727741	0.0392046	0.0211836	0.0123526	0.00795544	0.00554168	0.0040179	0.00293088	0.0021004	0.00145417	0.000959883	0.00059723	0.000346568	0.00018566	9.08923e-05	4.02403e-05	1.59253e-05	5.55545e-06	1.67766e-06	4.28324e-07	8.97247e-08	1.48725e-08	2.04009e-09	
298087	3.68227e-09	9.51479e-08	7.12761e-07	3.58608e-06	1.47959e-05	5.45806e-05	0.000189137	0.000631717	0.00202336	0.00598763	0.0155593	0.0341378	0.0623219	0.0952103	0.123334	0.137269	0.133175	0.114816	0.0901977	0.0662443	0.0462491	0.0307772	0.0193695	0.0113798	0.00614135	0.00298509	0.00127637	0.000467075	0.000141774	3.44615e-05	6.4493e-06	9.793e-07	
308087	9.95565e-07	1.7482e-05	9.61808e-05	0.000357678	0.00106364	0.00270497	0.00608703	0.0123595	0.0229118	0.0390334	0.0612239	0.0881118	0.115307	0.135263	0.139712	0.124957	0.0961773	0.0646398	0.0393713	0.0227726	0.0129405	0.0072678	0.00396499	0.00204688	0.000973765	0.000416184	0.000155801	4.97542e-05	1.31732e-05	2.80224e-06	4.62402e-07	6.18373e-08	
318087	8.0909e-06	0.000100617	0.000407166	0.00117804	0.00287551	0.00627432	0.0125273	0.0230939	0.0393839	0.0619822	0.0894639	0.117218	0.137473	0.142032	0.127303	0.0978925	0.0645649	0.0372271	0.0195598	0.00985898	0.00493858	0.00246831	0.00120863	0.000565729	0.000247093	9.83526e-05	3.48207e-05	1.06858e-05	2.76358e-06	5.83703e-07	9.71596e-08	1.33484e-08	
328087	0.000138614	0.00193387	0.0084619	0.0246394	0.0544591	0.0951151	0.133832	0.153949	0.147238	0.120018	0.0865783	0.0581373	0.0382808	0.0255717	0.0174522	0.012038	0.00825335	0.00553043	0.00356916	0.00219372	0.00127413	0.000695422	0.000354942	0.000168371	7.354e-05	2.91621e-05	1.0297e-05	3.15933e-06	8.18537e-07	1.73373e-07	2.89482e-08	3.99046e-09	
338087	6.53413e-07	9.51889e-06	5.27683e-05	0.000233935	0.000909543	0.00308366	0.00896528	0.0220688	0.0455722	0.0784292	0.112216	0.134193	0.136422	0.121405	0.0981024	0.0745845	0.0547244	0.0390948	0.0270595	0.0179698	0.0113351	0.00671552	0.00368639	0.00184642	0.000830543	0.000330213	0.000114159	3.3701e-05	8.31547e-06	1.67098e-06	2.65034e-07	3.46939e-08	
348087	1.92701e-08	5.6333e-07	5.02869e-06	3.01422e-05	0.000145622	0.000600948	0.00214107	0.00652502	0.0167289	0.0355033	0.0618156	0.0887129	0.107382	0.114061	0.111103	0.102524	0.0908027	0.0768762	0.0614577	0.0458938	0.0318699	0.0205905	0.012379	0.00688553	0.00349206	0.00157905	0.000619653	0.000204985	5.5453e-05	1.18794e-05	1.94645e-06	2.54381e-07	
358087	6.35259e-05	0.000661071	0.0021752	0.00500698	0.00961453	0.0165369	0.026445	0.0401056	0.0579778	0.0791692	0.100107	0.114549	0.116712	0.105914	0.0874204	0.067945	0.0513112	0.0382128	0.0280003	0.019925	0.0135334	0.00862677	0.00508353	0.00273044	0.00131733	0.000561585	0.000207543	6.50302e-05	1.68361e-05	3.49638e-06	5.63076e-07	7.33321e-08	
368087	2.38215e-07	4.92013e-06	2.67827e-05	9.50108e-05	0.000273711	0.000703599	0.0016955	0.00392006	0.00871575	0.0183681	0.0357743	0.0625151	0.0953667	0.124549	0.138402	0.132327	0.111886	0.086684	0.0634793	0.0446635	0.0301207	0.0191335	0.0111746	0.00585779	0.00269809	0.001072	0.000361553	0.000102053	2.37794e-05	4.50128e-06	6.76781e-07	8.45432e-08	
378087	1.24301e-05	0.000139143	0.000517677	0.00141877	0.00337084	0.00727149	0.0143752	0.0259853	0.0427619	0.063856	0.086451	0.106256	0.118848	0.121167	0.112649	0.0955811	0.0740899	0.0523755	0.0336167	0.019562	0.0103984	0.00513507	0.00239761	0.00106454	0.000444943	0.000171454	5.93324e-05	1.79065e-05	4.56744e-06	9.52298e-07	1.56504e-07	2.12037e-08	
388087	6.38745e-07	8.61845e-06	3.82001e-05	0.000122805	0.000339347	0.000856366	0.00202131	0.00449607	0.00941724	0.0184778	0.0337012	0.0565655	0.0862062	0.117146	0.138959	0.14155	0.123882	0.0953383	0.0669064	0.0440907	0.0275309	0.0161537	0.00877307	0.00434503	0.00193662	0.000766901	0.000265993	7.94076e-05	1.99645e-05	4.11394e-06	6.71648e-07	9.07685e-08	
398087	2.70303e-07	3.91742e-06	2.03804e-05	8.07669e-05	0.0002755	0.000832243	0.00224567	0.00542878	0.0117635	0.0228318	0.0396564	0.0616254	0.085779	0.107262	0.121044	0.123961	0.115789	0.0988714	0.0769816	0.054276	0.034388	0.0194976	0.00990944	0.00454344	0.00189033	0.00071216	0.000239345	6.99137e-05	1.71944e-05	3.44286e-06	5.42014e-07	7.001e-08	
408087	0.000368356	0.00366885	0.0114661	0.0247453	0.043657	0.0669927	0.0918925	0.113967	0.128005	0.129541	0.117206	0.0943581	0.0678307	0.0441623	0.026657	0.0153524	0.00868378	0.00493377	0.0028427	0.00165227	0.00095292	0.000533789	0.000284427	0.000141495	6.45585e-05	2.65189e-05	9.60889e-06	3.00111e-06	7.8692e-07	1.68056e-07	2.82278e-08	3.9106e-09	
418087	1.27434e-06	1.95092e-05	9.23357e-05	0.000313755	0.000937391	0.00260746	0.00667953	0.0152819	0.030495	0.0524943	0.0778992	0.100379	0.113913	0.116069	0.108356	0.0942398	0.0774365	0.0609938	0.0465898	0.0345132	0.0244583	0.0162469	0.0099226	0.00548694	0.00271544	0.00119138	0.000458838	0.000152942	4.31676e-05	1.00032e-05	1.8307e-06	2.79229e-07	
428087	2.34482e-07	3.10918e-06	1.34415e-05	4.20163e-05	0.00011354	0.000285139	0.000689021	0.00162322	0.00371851	0.00817316	0.0168995	0.0321638	0.0552722	0.0845718	0.114187	0.135357	0.140676	0.128475	0.103641	0.0743234	0.0476295	0.0273512	0.014089	0.00651651	0.00270967	0.00101181	0.000336586	9.79755e-05	2.42868e-05	4.96104e-06	8.05444e-07	1.0888e-07	
438087	1.61761e-06	2.3142e-05	0.000101596	0.0003055	0.00075278	0.00163116	0.00321989	0.00591175	0.0102397	0.0169161	0.0268684	0.041144	0.0603853	0.0836744	0.107375	0.12543	0.131701	0.123018	0.101137	0.0724148	0.0448496	0.024068	0.0113304	0.00476883	0.00182293	0.000635582	0.000200408	5.60755e-05	1.35421e-05	2.72457e-06	4.38224e-07	5.85686e-08	
448087	2.44543e-05	0.000333244	0.00144461	0.00436323	0.010727	0.0225134	0.0410892	0.0658931	0.0934594	0.117499	0.130701	0.12831	0.111445	0.0868118	0.062292	0.0425793	0.0285226	0.0190134	0.0126356	0.00829551	0.00529396	0.003222	0.00183474	0.000959657	0.000452667	0.000188922	6.8352e-05	2.0966e-05	5.32023e-06	1.08688e-06	1.73368e-07	2.26094e-08	
458087	4.09972e-06	5.36303e-05	0.000221465	0.000639625	0.00154097	0.00332032	0.00662317	0.0124422	0.0221116	0.0369321	0.0571243	0.0803294	0.101078	0.112998	0.112865	0.102547	0.0869272	0.070464	0.0555208	0.0427538	0.0320749	0.023236	0.0160333	0.0103538	0.0061334	0.00326315	0.00152491	0.000611045	0.000204394	5.5354e-05	1.17181e-05	2.09105e-06	
468087	2.81628e-06	5.18478e-05	0.000267373	0.000913805	0.00252126	0.00604034	0.0129384	0.0250116	0.0435989	0.0681077	0.0945364	0.115641	0.12414	0.117574	0.100255	0.0796528	0.0610934	0.0460807	0.0340736	0.0244031	0.0167869	0.0110559	0.00694461	0.0041198	0.00226976	0.00113655	0.000504998	0.000194061	6.27121e-05	1.65139e-05	3.41826e-06	5.98194e-07	
478087	4.8541e-07	6.38056e-06	2.90756e-05	0.000102366	0.000321213	0.00091495	0.00235181	0.00544049	0.0113569	0.0214875	0.0369609	0.0578171	0.0820723	0.105392	0.122133	0.127637	0.12041	0.102668	0.0790551	0.0547422	0.033918	0.0187957	0.00938076	0.00426129	0.00177042	0.000667349	0.000223626	6.48366e-05	1.57978e-05	3.13945e-06	4.92842e-07	6.38974e-08	
488087	1.80999e-05	0.000269883	0.00118421	0.00345302	0.00803683	0.0160387	0.0284262	0.0456492	0.0672329	0.091288	0.11383	0.128614	0.129328	0.114271	0.0889275	0.0622796	0.040606	0.0253897	0.0154253	0.0090986	0.00517878	0.00282061	0.00145272	0.000696664	0.000305681	0.000120503	4.18783e-05	1.25679e-05	3.18013e-06	6.59359e-07	1.0822e-07	1.47083e-08	
498087	4.09859e-05	0.000445197	0.00153319	0.00369564	0.00740543	0.0131696	0.0214478	0.0325572	0.0465974	0.0633888	0.0822918	0.101647	0.117858	0.125251	0.118685	0.098273	0.0707246	0.0446268	0.0251598	0.013036	0.00642679	0.00310297	0.00147784	0.000682761	0.00029739	0.000118627	4.21781e-05	1.30126e-05	3.38492e-06	7.19128e-07	1.20354e-07	1.66202e-08	
508087	4.51725e-05	0.000993035	0.0055917	0.018118	0.0411296	0.0711691	0.09877	0.114798	0.116742	0.108085	0.0934989	0.0764762	0.0597324	0.0453668	0.0343803	0.0265878	0.0211309	0.0171003	0.01386	0.0110633	0.00856279	0.00633195	0.00440854	0.0028467	0.00167754	0.000886225	0.000411349	0.00016394	5.46364e-05	1.4769e-05	3.12589e-06	5.58666e-07	
518087	2.23597e-07	2.98072e-06	1.27141e-05	3.84318e-05	9.81927e-05	0.000227623	0.000497263	0.00104871	0.00216754	0.00441484	0.00881316	0.0169799	0.0309082	0.0519798	0.07918	0.10758	0.129054	0.136101	0.126418	0.104214	0.0772051	0.0522301	0.0327501	0.0191472	0.0103639	0.00510655	0.00224091	0.000854306	0.000275108	7.24779e-05	1.50572e-05	2.6523e-06	
528087	5.58127e-05	0.000607922	0.00208598	0.00497472	0.00978747	0.0169458	0.026609	0.0384902	0.0517243	0.0648659	0.0760829	0.0835919	0.0862736	0.0841798	0.0785164	0.0709955	0.0630023	0.055171	0.047518	0.0398453	0.0320939	0.0244865	0.017457	0.0114696	0.00684218	0.00364443	0.00170022	0.000679434	0.000226636	6.12338e-05	1.29411e-05	2.30698e-06	
538087	6.44745e-06	7.56318e-05	0.000283741	0.000752113	0.00167392	0.00333972	0.00615886	0.0106621	0.0174608	0.0271305	0.039993	0.0558039	0.0734234	0.0906429	0.104395	0.111484	0.109699	0.0988638	0.081246	0.0609067	0.0420344	0.0271899	0.0167672	0.00987272	0.00545512	0.00275434	0.00123643	0.00048027	0.000156856	4.17212e-05	8.71548e-06	1.539e-06	
548087	1.8577e-07	2.16943e-06	8.13788e-06	2.16966e-05	4.89591e-05	0.000100116	0.000192063	0.000353126	0.000632234	0.00111781	0.00197686	0.00353127	0.00638882	0.0116193	0.0208774	0.0362023	0.0590575	0.0883494	0.118311	0.139009	0.141641	0.12518	0.0970472	0.0669708	0.0413897	0.0227158	0.01086	0.0044143	0.00148418	0.000400081	8.35099e-05	1.45607e-05	
558087	5.82743e-07	1.21827e-05	6.49176e-05	0.000220805	0.000598039	0.00141675	0.00308783	0.00636164	0.012487	0.0231574	0.0398416	0.0623156	0.0872187	0.108495	0.120475	0.121042	0.111689	0.0953841	0.0752642	0.0544538	0.0357687	0.021119	0.0111109	0.00517615	0.00212925	0.000773257	0.000247367	6.89572e-05	1.63817e-05	3.21533e-06	5.02917e-07	6.52916e-08	
568087	2.11526e-06	4.62339e-05	0.000264847	0.00095205	0.00263964	0.00613186	0.0124281	0.0224533	0.0365569	0.0539038	0.0721748	0.0880644	0.0985076	0.101874	0.0983836	0.0896626	0.0778658	0.0648812	0.0519943	0.039999	0.0294177	0.020583	0.0136181	0.00844183	0.00483422	0.00250835	0.00115205	0.00045624	0.000151388	4.0771e-05	8.5977e-06	1.52984e-06	
578087	0.00010012	0.0012162	0.00454623	0.0115112	0.023387	0.0406017	0.062009	0.0846012	0.104066	0.116154	0.118233	0.110233	0.0945165	0.0748435	0.0550021	0.0377644	0.0244716	0.0151858	0.00917641	0.00546588	0.00320977	0.00183328	0.000996257	0.000503062	0.000230877	9.43269e-05	3.36005e-05	1.02079e-05	2.58185e-06	5.2914e-07	8.51797e-08	1.12843e-08	
588087	7.50048e-06	8.22387e-05	0.000287165	0.000706057	0.00145458	0.0026864	0.00460057	0.00745314	0.0115773	0.0174102	0.0254976	0.0363989	0.050368	0.0667611	0.0834411	0.0969045	0.10369	0.102308	0.0938977	0.081088	0.0664336	0.0516954	0.0379208	0.0258201	0.0159908	0.00881009	0.00422027	0.00171627	0.000577577	0.000156351	3.29538e-05	5.84017e-06	
598087	0.000436077	0.00418197	0.0125293	0.0258683	0.0436738	0.0642936	0.0850144	0.1025	0.113557	0.115998	0.109304	0.0948579	0.0756498	0.0554415	0.0375699	0.0239165	0.0146453	0.00880875	0.00523436	0.00304491	0.00171055	0.000917851	0.000466328	0.000222163	9.79295e-05	3.92304e-05	1.39701e-05	4.31129e-06	1.12084e-06	2.37844e-07	3.97511e-08	5.48264e-09	
608087	1.79067e-06	2.13933e-05	8.17806e-05	0.000221065	0.000502388	0.0010254	0.00193954	0.00345628	0.00585509	0.00947571	0.0146875	0.021823	0.031064	0.0422994	0.0550413	0.0684872	0.0816311	0.0931842	0.101321	0.10378	0.0988055	0.0863894	0.0686594	0.0490629	0.0310939	0.0172007	0.00816851	0.00327318	0.00108523	0.000290574	6.09034e-05	1.07839e-05	
618087	1.95239e-07	2.62655e-06	1.16438e-05	3.78363e-05	0.000107408	0.000283758	0.000714482	0.0017241	0.00397004	0.00863243	0.017454	0.0321904	0.0531286	0.077546	0.100143	0.115671	0.121212	0.116538	0.103376	0.084634	0.0637229	0.0438424	0.0273186	0.0152468	0.00752944	0.0032491	0.00120851	0.000380851	9.93343e-05	2.07982e-05	3.37054e-06	4.39645e-07	
628087	4.22576e-07	5.08734e-06	1.9806e-05	5.53975e-05	0.000133171	0.000295571	0.000626702	0.00128822	0.00257383	0.00497616	0.00924113	0.0163605	0.0274396	0.0433948	0.0644758	0.0896073	0.115519	0.135959	0.142454	0.128868	0.0979816	0.0618575	0.0327366	0.0149342	0.00604352	0.00219176	0.000705519	0.000197721	4.70664e-05	9.22524e-06	1.43445e-06	1.8377e-07	
638087	1.99405e-07	2.31758e-06	8.66633e-06	2.30993e-05	5.23458e-05	0.000108192	0.000211594	0.000400766	0.000747759	0.00139303	0.00261566	0.00496151	0.00942462	0.0175661	0.0312631	0.0517362	0.0779779	0.105588	0.127403	0.136406	0.129506	0.109232	0.0819069	0.0543308	0.0315114	0.0157328	0.00665476	0.00235138	0.000685271	0.000162283	3.05281e-05	4.89783e-06	
648087	7.35535e-06	8.93282e-05	0.000345268	0.000941817	0.00216582	0.00449098	0.00859718	0.0151913	0.0245458	0.0360222	0.0481348	0.0593312	0.0688006	0.0764698	0.0823314	0.0859828	0.0867332	0.0839587	0.0774347	0.0675755	0.0554547	0.0425414	0.030298	0.0198479	0.0118098	0.0062804	0.00292749	0.00116928	0.00038986	0.000105284	2.22381e-05	3.9614e-06	
658087	5.98305e-06	8.38374e-05	0.000358723	0.00104844	0.00251317	0.0053281	0.0103835	0.0189121	0.0321332	0.0502332	0.0711973	0.0909519	0.105275	0.111557	0.108978	0.0983993	0.0825135	0.0649436	0.048588	0.0348612	0.0240482	0.0159021	0.0100012	0.00590646	0.00322031	0.0015891	0.000694413	0.000262335	8.33905e-05	2.16245e-05	4.41404e-06	7.61753e-07	
668087	0.000227601	0.00247166	0.00834347	0.01927	0.0360553	0.0581491	0.0830776	0.106443	0.122807	0.127488	0.118766	0.0992586	0.0749708	0.05212	0.034247	0.0218242	0.0137152	0.00854803	0.00526289	0.00316565	0.00183386	0.00100916	0.000521278	0.000249974	0.000109974	4.37516e-05	1.54544e-05	4.73708e-06	1.22582e-06	2.59385e-07	4.32801e-08	5.96291e-09	
678087	2.78738e-07	3.47185e-06	1.39983e-05	4.03894e-05	9.91691e-05	0.000221433	0.000464459	0.000932816	0.00181908	0.00348539	0.00661692	0.0124471	0.022889	0.0400702	0.0646904	0.0937096	0.119718	0.134041	0.132015	0.115708	0.0915579	0.0660186	0.0433722	0.025773	0.013725	0.00649365	0.00270349	0.000976743	0.000299919	7.60544e-05	1.5356e-05	2.64549e-06	
688087	4.75332e-06	5.23924e-05	0.000184186	0.000456674	0.00095024	0.00177484	0.00307596	0.00504211	0.00791888	0.012043	0.0179172	0.0263289	0.0384228	0.0554329	0.0776255	0.102427	0.123193	0.131331	0.122162	0.0992915	0.0717534	0.0470692	0.0282219	0.0153056	0.00737397	0.00309686	0.00111102	0.00033274	8.11289e-05	1.57046e-05	2.35564e-06	2.87508e-07	
698087	7.67231e-07	1.1054e-05	4.98341e-05	0.000156492	0.000409066	0.000954336	0.00205497	0.00415404	0.00793837	0.0143362	0.024323	0.0384207	0.0560054	0.074927	0.0920009	0.104219	0.109674	0.107585	0.0981364	0.0828264	0.0645351	0.0465187	0.0311005	0.0192376	0.0109053	0.00557836	0.00252391	0.000986205	0.000323738	8.65054e-05	1.81474e-05	3.21848e-06	
708087	1.65686e-05	0.000473411	0.00257114	0.00810785	0.0190069	0.0363627	0.0593151	0.0844585	0.106444	0.119805	0.121279	0.111372	0.0939687	0.0740367	0.055254	0.0393082	0.0266293	0.0171644	0.010585	0.00630252	0.00363358	0.00200905	0.00104624	0.000503382	0.000219959	8.59401e-05	2.95516e-05	8.78268e-06	2.20604e-06	4.55256e-07	7.45291e-08	1.01148e-08	
718087	0.000387218	0.00370261	0.0112608	0.0244419	0.0453356	0.0742548	0.10416	0.122444	0.122986	0.110518	0.0924908	0.0736814	0.0568089	0.0431673	0.0326962	0.0246304	0.0182507	0.0131653	0.00920467	0.00624253	0.00411272	0.00262448	0.0016064	0.000928571	0.00049744	0.000241914	0.000104447	3.90678e-05	1.23169e-05	3.17219e-06	6.43873e-07	1.10555e-07	
728087	1.03912e-06	1.18218e-05	4.31635e-05	0.00011199	0.000246067	0.000490574	0.000918889	0.00165034	0.00287911	0.00491952	0.00827191	0.0137015	0.0222837	0.0352904	0.0537072	0.077239	0.103047	0.125149	0.135909	0.130105	0.108855	0.0792751	0.0499936	0.0269995	0.0122956	0.00466073	0.00146307	0.000381218	8.26873e-05	1.48421e-05	2.15797e-06	2.64092e-07	
738087	1.31979e-05	0.000156306	0.000613749	0.00177897	0.0045047	0.0104448	0.022211	0.04259	0.0720424	0.105401	0.131642	0.139981	0.12819	0.103932	0.0775839	0.0553393	0.038487	0.0260695	0.0169415	0.0103781	0.00591731	0.00312185	0.00152289	0.000687742	0.000287108	0.000109823	3.77883e-05	1.13896e-05	2.91393e-06	6.11371e-07	1.01319e-07	1.38724e-08	
748087	5.82479e-07	7.30785e-06	3.04722e-05	9.37057e-05	0.000252999	0.000637638	0.00152901	0.00348632	0.00749003	0.0149632	0.0273443	0.0449492	0.0658343	0.0863389	0.102985	0.113181	0.114969	0.107667	0.0927566	0.0736108	0.0540524	0.0369041	0.0234667	0.0138434	0.00749966	0.00367222	0.00159161	0.000595706	0.000187305	4.80058e-05	9.69723e-06	1.66219e-06	
758087	1.47886e-05	0.000161251	0.000568964	0.00143724	0.00308749	0.00601189	0.0109173	0.0187292	0.0304429	0.0465971	0.0662557	0.0861012	0.101084	0.107153	0.10386	0.0940925	0.0813919	0.0678709	0.0543429	0.0414005	0.0298238	0.0202638	0.0129443	0.0077103	0.0042244	0.00209287	0.000919718	0.000350733	0.00011309	2.98847e-05	6.23781e-06	1.10648e-06	
768087	7.64904e-07	9.45471e-06	3.77478e-05	0.000108032	0.000264317	0.000591003	0.00124313	0.00248828	0.0047541	0.00867131	0.0150987	0.0250741	0.0394995	0.0583332	0.0795834	0.0992281	0.112673	0.11666	0.110466	0.0961165	0.077326	0.0577765	0.0400629	0.0256055	0.0149093	0.00778861	0.00358263	0.0014186	0.000470679	0.000126803	2.67534e-05	4.76249e-06	
778087	3.06636e-07	1.31827e-05	0.000104286	0.000457164	0.0014386	0.00361382	0.00760915	0.0136996	0.021266	0.0287655	0.0346834	0.0387316	0.0419958	0.0459882	0.0517166	0.0593754	0.0683845	0.0774659	0.0847777	0.0882324	0.0860601	0.0775269	0.0635109	0.0465182	0.0298942	0.0165046	0.00764778	0.00289901	0.000874553	0.000203999	3.57337e-05	4.97916e-06	
788087	1.30752e-05	0.000169352	0.000680935	0.00188272	0.00426184	0.0084472	0.0151465	0.02502	0.038491	0.0554891	0.0751066	0.0951938	0.112143	0.121439	0.119443	0.105701	0.0837351	0.0592525	0.0374001	0.0210996	0.010776	0.00511331	0.00231695	0.00101311	0.000422178	0.000163211	5.67413e-05	1.72008e-05	4.40888e-06	9.24824e-07	1.53104e-07	2.09317e-08	
798087	8.07988e-06	9.74438e-05	0.000403647	0.00125204	0.0033663	0.00814422	0.0178361	0.0351537	0.0616439	0.0948487	0.126322	0.14414	0.140554	0.118335	0.0882737	0.0605365	0.0395063	0.0249999	0.0153565	0.00907392	0.00509843	0.00269677	0.00133282	0.000611909	0.000259171	0.000100113	3.46318e-05	1.04646e-05	2.68068e-06	5.62917e-07	9.33554e-08	1.27906e-08	
808087	9.03446e-07	1.03354e-05	3.81761e-05	0.000101173	0.000230211	0.000483863	0.000976188	0.00193384	0.00380787	0.00745622	0.0143142	0.026238	0.0445802	0.0685765	0.0942355	0.115279	0.126098	0.124458	0.111814	0.091726	0.0684124	0.0459826	0.0275964	0.0146681	0.00684924	0.00278302	0.000972761	0.000288566	7.14358e-05	1.44158e-05	2.29419e-06	2.9898e-07	
818087	8.19445e-09	5.87243e-07	7.40849e-06	4.99192e-05	0.000237443	0.000895778	0.00283365	0.00770497	0.0181125	0.0365725	0.0626576	0.0900924	0.108521	0.111284	0.101246	0.0869554	0.0746279	0.0653663	0.057522	0.0494382	0.0405421	0.0312283	0.0223428	0.0147011	0.00879604	0.0047179	0.00222739	0.000904805	0.000307654	8.47409e-05	1.81955e-05	3.27381e-06	
828087	1.3055e-06	3.00279e-05	0.000169245	0.000600705	0.0016743	0.00399548	0.0085085	0.0165216	0.0295607	0.0488358	0.0740658	0.101822	0.124787	0.134295	0.126164	0.104491	0.0782948	0.0547866	0.0366171	0.0235203	0.0144336	0.00837439	0.00454059	0.00226897	0.00102721	0.000413101	0.000144518	4.30313e-05	1.06533e-05	2.13607e-06	3.36458e-07	4.35283e-08	
838087	3.54717e-09	4.50667e-08	1.91653e-07	6.17747e-07	1.82572e-06	5.28787e-06	1.52284e-05	4.32396e-05	0.000119241	0.000314641	0.000784053	0.00182583	0.00395031	0.00795244	0.0150404	0.0270733	0.0465824	0.075404	0.110972	0.143142	0.157781	0.14673	0.114557	0.0751622	0.0416544	0.0195825	0.00779826	0.00260476	0.000715616	0.000157129	2.65964e-05	3.6227e-06	
848087	2.78167e-07	4.19119e-06	2.03106e-05	7.00852e-05	0.00020442	0.000537068	0.00130948	0.00301112	0.00657978	0.0136437	0.0265396	0.0474885	0.076434	0.108525	0.134212	0.143914	0.134188	0.109659	0.0793717	0.0515603	0.0305445	0.0167492	0.00856528	0.00406968	0.00177263	0.000694495	0.000239488	7.09607e-05	1.75859e-05	3.53657e-06	5.57937e-07	7.20384e-08	
858087	1.20755e-07	1.65601e-06	7.6223e-06	2.51204e-05	6.92579e-05	0.00017013	0.000386341	0.000831833	0.00172651	0.00348	0.00679723	0.0127305	0.0225032	0.0369329	0.0555953	0.0763225	0.095571	0.109539	0.115405	0.112136	0.10069	0.083592	0.0640161	0.0448898	0.0284222	0.0159255	0.00770755	0.00313794	0.00104553	0.000277102	5.66844e-05	9.67283e-06	
868087	7.6207e-07	1.01161e-05	4.32718e-05	0.000128686	0.000313463	0.000667667	0.0012876	0.00229883	0.0038613	0.0061777	0.00950447	0.0141692	0.0205977	0.0293218	0.0408621	0.0553562	0.0719871	0.0886399	0.102283	0.109952	0.109613	0.1006	0.0840298	0.0630095	0.0418154	0.024193	0.0119951	0.00499442	0.00170587	0.000465376	9.83508e-05	1.74261e-05	
878087	8.23248e-05	0.000871237	0.00297031	0.00721966	0.014791	0.026915	0.0441054	0.0651702	0.0868863	0.104948	0.115614	0.116863	0.108683	0.0929291	0.0729384	0.0526264	0.0351694	0.0220632	0.013186	0.00757911	0.00419252	0.00221695	0.0011085	0.000517606	0.00022274	8.70229e-05	3.03014e-05	9.18671e-06	2.35765e-06	4.9574e-07	8.23093e-08	1.12901e-08	
888087	0.00199807	0.0113834	0.0204876	0.027003	0.0315302	0.0351139	0.0385225	0.0421536	0.0461001	0.0502477	0.0543677	0.0581794	0.0613782	0.0636473	0.0646711	0.0641625	0.0619057	0.0578102	0.0519639	0.0446704	0.0364487	0.0279809	0.020003	0.0131572	0.00785213	0.00418279	0.0019513	0.000779695	0.000260042	7.02474e-05	1.48429e-05	2.64526e-06	
898087	0.00115275	0.00713614	0.013749	0.0200003	0.0260551	0.0319202	0.0374992	0.0427391	0.047651	0.0522595	0.0565425	0.0603902	0.0635943	0.0658681	0.0668877	0.066345	0.0640059	0.05977	0.0537253	0.0461845	0.0376842	0.0289294	0.020681	0.0136032	0.00811831	0.00432457	0.00201745	0.000806123	0.000268856	7.26282e-05	1.53459e-05	2.7349e-06	
908087	0.00194253	0.0100973	0.0172829	0.0229809	0.0280179	0.0327659	0.0373815	0.0419643	0.0465491	0.051083	0.0554277	0.0593741	0.0626586	0.0649807	0.0660274	0.0655085	0.0632045	0.0590231	0.0530543	0.0456077	0.0372135	0.0285681	0.0204227	0.0134333	0.00801688	0.00427054	0.00199223	0.000796047	0.000265495	7.172e-05	1.5154e-05	2.70068e-06	
918087	0.00290151	0.0146081	0.0239757	0.0296543	0.0332583	0.0361317	0.0390192	0.0422355	0.0458249	0.0496675	0.0535453	0.0571812	0.0602635	0.0624638	0.0634581	0.0629556	0.0607403	0.0567215	0.0509853	0.043829	0.035762	0.0274538	0.0196261	0.0129093	0.00770413	0.00410393	0.00191451	0.00076499	0.000255137	6.89219e-05	1.45627e-05	2.59532e-06	
928087	0.000115957	0.000619742	0.00119567	0.00185892	0.00269269	0.00377368	0.00517177	0.00695209	0.00917973	0.0119309	0.0153098	0.019468	0.0246156	0.0310095	0.0388948	0.0483827	0.0592765	0.0709042	0.0820481	0.0910397	0.0960082	0.0952362	0.0876548	0.0735158	0.0549463	0.0356737	0.0195623	0.00878828	0.00312822	0.000850403	0.000169564	2.60929e-05	
938087	4.90584e-06	8.55905e-05	0.000401293	0.00120418	0.00282931	0.00564483	0.00997117	0.0159939	0.023701	0.0328645	0.043062	0.0537166	0.064136	0.0735507	0.0811561	0.0861638	0.0878743	0.0857978	0.0798209	0.0703529	0.0583572	0.0452133	0.0324329	0.0213188	0.0126836	0.00672988	0.00312865	0.00124748	0.000415874	0.000112458	2.38066e-05	4.25227e-06	
948087	1.29158e-09	2.30571e-08	1.20984e-07	4.32321e-07	1.28767e-06	3.49632e-06	9.11305e-06	2.35154e-05	6.08607e-05	0.00015757	0.000402925	0.00100124	0.00238055	0.00534024	0.0111509	0.0213852	0.0372486	0.0585943	0.0833683	0.107843	0.127084	0.135667	0.129615	0.109077	0.0794441	0.0491685	0.0253864	0.0107347	0.00364644	0.000972986	0.000198141	3.30022e-05	
958087	7.24879e-08	9.66036e-07	4.16515e-06	1.28439e-05	3.36955e-05	8.04345e-05	0.000180697	0.00039003	0.000821465	0.00170973	0.00354697	0.00733687	0.0149426	0.0292012	0.0529684	0.0863839	0.123577	0.152422	0.159969	0.141214	0.104016	0.0639653	0.0332608	0.0149613	0.00595972	0.00212658	0.000674917	0.000186352	4.34965e-05	8.32795e-06	1.26715e-06	1.5979e-07	
968087	1.31143e-06	1.54456e-05	5.85753e-05	0.000158794	0.000367961	0.000782888	0.00158315	0.00308876	0.00582231	0.0105146	0.017954	0.0286687	0.042659	0.0593418	0.077448	0.0947093	0.107843	0.113436	0.109519	0.0967604	0.0782901	0.0582083	0.0398986	0.0252022	0.0145674	0.00759514	0.00349899	0.001389	0.000461788	0.00012455	2.62923e-05	4.68198e-06	
978087	8.26204e-08	1.16959e-06	5.92449e-06	2.31884e-05	8.05081e-05	0.00025611	0.000750393	0.00202097	0.00498383	0.0112009	0.0228078	0.0417566	0.0680576	0.0976228	0.121959	0.132156	0.125314	0.106561	0.0839582	0.0628476	0.0450287	0.0306702	0.0195965	0.0115516	0.00615958	0.00290443	0.00118098	0.000403008	0.000112163	2.47075e-05	4.17264e-06	5.68073e-07	
988087	0.000190751	0.00254484	0.00899328	0.0198917	0.0337571	0.0479753	0.0601862	0.0693988	0.0760466	0.0810253	0.0845289	0.0856251	0.082949	0.0759652	0.065639	0.0538986	0.042537	0.0325879	0.0243773	0.0178221	0.0126779	0.00869042	0.00566194	0.00344957	0.00193108	0.000974838	0.000434813	0.000167484	5.42685e-05	1.43494e-05	2.98877e-06	5.28345e-07	
998087	0.000146321	0.00161895	0.00549	0.012606	0.0233004	0.0370612	0.0524491	0.0673963	0.0798007	0.0881109	0.091587	0.0902044	0.0844883	0.075506	0.0648147	0.0540284	0.0441959	0.0355896	0.0280512	0.0214202	0.0156786	0.0108853	0.00708546	0.00426503	0.00233605	0.00114307	0.000489597	0.000179476	5.49178e-05	1.36361e-05	2.65975e-06	4.36892e-07	
1.00809e+06	6.69547e-05	0.000790025	0.00298485	0.00791487	0.0173254	0.033024	0.0557946	0.083799	0.1115	0.130761	0.134716	0.122152	0.0984534	0.0718977	0.0487957	0.0315431	0.0197644	0.012119	0.00729469	0.00429476	0.00244774	0.00133136	0.000681152	0.000323539	0.000140901	5.54811e-05	1.9411e-05	5.90198e-06	1.51764e-06	3.19627e-07	5.3147e-08	7.301e-09	
1.01809e+06	3.42228e-07	3.92776e-06	1.44913e-05	3.81346e-05	8.55991e-05	0.000176479	0.00034813	0.000674095	0.00129951	0.00250116	0.0047704	0.00888888	0.0159184	0.026986	0.0427815	0.0628848	0.0853259	0.106703	0.122655	0.128629	0.121511	0.101819	0.0745322	0.0470785	0.0255007	0.011856	0.00475178	0.00164053	0.000481784	0.000117403	2.29425e-05	3.8529e-06	
1.02809e+06	1.95475e-07	2.37168e-06	9.55817e-06	2.8497e-05	7.50157e-05	0.000185815	0.000443206	0.00102331	0.0022821	0.00489071	0.00999872	0.0192959	0.034635	0.0567919	0.0836122	0.109282	0.126507	0.130392	0.120699	0.101133	0.0769984	0.0532089	0.0332532	0.0187455	0.00952114	0.00434456	0.001765	0.000627324	0.000190125	4.75716e-05	9.4606e-06	1.59936e-06	
1.03809e+06	4.61931e-05	0.000502891	0.00174218	0.00424306	0.0086281	0.0156143	0.0258526	0.039603	0.0562727	0.0740419	0.0899975	0.101026	0.105056	0.101744	0.0922034	0.0783601	0.0625298	0.0470378	0.0336373	0.0231076	0.0153711	0.00991501	0.00615935	0.00363243	0.00199416	0.000996395	0.000442309	0.000170002	5.49991e-05	1.45095e-05	3.01038e-06	5.28374e-07	
1.04809e+06	3.9992e-05	0.000444687	0.00157331	0.00391325	0.00811829	0.0149411	0.0250083	0.0384013	0.0541664	0.0701203	0.0833368	0.0912563	0.0927573	0.0884929	0.0803636	0.070557	0.0607214	0.0516247	0.043314	0.0355401	0.0281417	0.0212007	0.0149828	0.0097898	0.00582161	0.00309569	0.00144304	0.000576437	0.000192239	5.19337e-05	1.09746e-05	1.95623e-06	
1.05809e+06	6.98496e-06	8.28069e-05	0.000313052	0.000833152	0.00185392	0.00368169	0.00672991	0.0115108	0.018591	0.0284853	0.0414478	0.0571254	0.0741435	0.0899403	0.101309	0.105689	0.102367	0.0925755	0.0785629	0.0626237	0.0466953	0.0323118	0.0205452	0.0118761	0.00616927	0.00284269	0.00114436	0.000395304	0.00011469	2.72307e-05	5.12471e-06	8.15743e-07	
1.06809e+06	0.000178173	0.00198196	0.00644616	0.0138132	0.023495	0.0342798	0.0448044	0.0540295	0.0614472	0.0669585	0.0706194	0.0724832	0.0725912	0.07102	0.0679017	0.0634111	0.0577494	0.0511443	0.0438612	0.0362171	0.028583	0.021366	0.0149635	0.0096933	0.00572224	0.00302572	0.00140479	0.000559681	0.000186343	5.02882e-05	1.06191e-05	1.89163e-06	
1.07809e+06	9.95545e-06	0.000178317	0.000859047	0.0026351	0.00629045	0.0126522	0.0222593	0.0348673	0.0490279	0.0622685	0.0721568	0.0775793	0.0790816	0.0780516	0.0756638	0.0724038	0.0681926	0.0627466	0.0558985	0.0477717	0.0388071	0.0296802	0.0211493	0.0138747	0.0082642	0.00439667	0.00204955	0.000818621	0.000272966	7.37288e-05	1.55769e-05	2.77576e-06	
1.08809e+06	5.69949e-07	6.53249e-06	2.41141e-05	6.35818e-05	0.00014299	0.000294457	0.000575836	0.00109183	0.00203035	0.00371983	0.00670695	0.0118322	0.020234	0.0331509	0.0513762	0.0743274	0.0990203	0.119811	0.130062	0.125661	0.107878	0.0826555	0.0569347	0.0354537	0.0199537	0.0100655	0.00447683	0.00171648	0.00055245	0.000144848	2.98942e-05	5.22984e-06	
1.09809e+06	3.08015e-06	3.43819e-05	0.000122573	0.000308643	0.000653344	0.00124427	0.00220657	0.00372327	0.00608146	0.00977654	0.0157104	0.0254373	0.0411193	0.0644483	0.0941265	0.12357	0.142284	0.141793	0.121688	0.0899962	0.0575679	0.032006	0.0155707	0.0066942	0.00257167	0.000888836	0.00027572	7.57473e-05	1.79932e-05	3.57367e-06	5.69526e-07	7.55858e-08	
1.10809e+06	3.23455e-08	3.82226e-07	1.48571e-06	4.23794e-06	1.0668e-05	2.56542e-05	6.16e-05	0.000151158	0.000380106	0.000963852	0.00239744	0.00567486	0.0124363	0.0246583	0.0434219	0.0670039	0.0901518	0.106675	0.113659	0.112407	0.105517	0.0942631	0.0787601	0.0598692	0.0402593	0.0233504	0.011404	0.00457628	0.00146996	0.000367213	6.9054e-05	1.03452e-05	
1.11809e+06	6.66015e-07	9.1523e-06	3.90642e-05	0.000115395	0.00028251	0.000616915	0.00125002	0.00240995	0.00449525	0.00818873	0.0145833	0.0251843	0.0414691	0.0636322	0.0887762	0.110329	0.120954	0.117687	0.103812	0.0853613	0.0668969	0.0504021	0.0363462	0.0247754	0.0156899	0.00903339	0.0046091	0.00202572	0.0007436	0.000220396	5.07853e-05	9.86718e-06	
1.12809e+06	4.42245e-05	0.000550125	0.00219814	0.00609569	0.0137441	0.0266883	0.0458293	0.0704542	0.097187	0.119661	0.130515	0.12582	0.108078	0.0841785	0.0606982	0.0412674	0.0268161	0.0168091	0.0102195	0.00603494	0.00344853	0.00188864	0.000977334	0.000470072	0.000206623	8.16068e-05	2.84475e-05	8.57615e-06	2.18225e-06	4.55063e-07	7.50683e-08	1.02476e-08	
1.13809e+06	7.23224e-06	0.000134321	0.00064729	0.00198027	0.00474536	0.00968379	0.0175372	0.0288372	0.043629	0.0611411	0.0794503	0.095419	0.105455	0.1072	0.100911	0.0890097	0.0743007	0.0588298	0.0439924	0.0308855	0.0202652	0.0123849	0.00702085	0.00366519	0.00174047	0.000738526	0.000273856	8.65119e-05	2.26349e-05	4.75365e-06	7.73688e-07	1.01727e-07	
