8087	9.63678e-08	1.78727e-06	1.19218e-05	5.41721e-05	0.000192967	0.000577327	0.00151057	0.00354475	0.00758251	0.014935	0.0272084	0.045753	0.0703594	0.0974871	0.119873	0.129792	0.124341	0.107019	0.0841286	0.0611337	0.0415857	0.0268999	0.0166674	0.00978241	0.00530767	0.00258898	0.00110467	0.000401198	0.000120483	2.89755e-05	5.38365e-06	8.18237e-07	
18087	2.45024e-06	3.5853e-05	0.000164872	0.000543083	0.0015434	0.00398331	0.00925907	0.0187206	0.0317696	0.0449086	0.0549718	0.0624044	0.0694161	0.0769206	0.0840386	0.089103	0.0905429	0.0872792	0.0789588	0.0662385	0.0508803	0.0353354	0.0219062	0.0119675	0.00568594	0.00231879	0.000801391	0.000231829	5.5378e-05	1.07287e-05	1.64286e-06	2.07672e-07	
28087	1.19915e-06	1.69653e-05	8.72047e-05	0.000351368	0.00124366	0.00388792	0.0105429	0.0242905	0.0465457	0.0733837	0.0970752	0.112305	0.117526	0.112921	0.100274	0.0832089	0.0655992	0.0497535	0.0363609	0.0254323	0.0168592	0.0104837	0.00605277	0.00321166	0.00154892	0.000669672	0.000254877	8.34285e-05	2.28321e-05	5.05532e-06	8.72313e-07	1.22907e-07	
38087	7.80282e-09	1.94355e-07	2.31484e-06	2.12242e-05	0.000110618	0.000350027	0.000813043	0.00173768	0.00388081	0.00867609	0.0179669	0.0332299	0.054302	0.0784066	0.100655	0.115926	0.120911	0.115296	0.101394	0.0826863	0.0625413	0.0436431	0.0278045	0.0159407	0.00809957	0.0035997	0.00138479	0.000456636	0.000127417	2.94846e-05	5.48803e-06	8.76111e-07	
48087	5.55451e-06	0.000142287	0.000966431	0.00431962	0.0150093	0.04213	0.0942532	0.157546	0.187677	0.164408	0.11566	0.0727918	0.0450111	0.0288614	0.0195396	0.0139613	0.0104094	0.00794192	0.0060638	0.00454193	0.00328403	0.00226099	0.00146303	0.000877658	0.000480787	0.000236431	0.000102345	3.81266e-05	1.1908e-05	3.0251e-06	6.03507e-07	1.01266e-07	
58087	0.00012888	0.00168176	0.00665967	0.0182476	0.0431762	0.0880697	0.147157	0.182043	0.161115	0.113237	0.0738784	0.0497019	0.0354091	0.0259831	0.0188664	0.0131678	0.00870612	0.00544426	0.00324906	0.00187593	0.00105718	0.000579547	0.00030453	0.000150358	6.83339e-05	2.80067e-05	1.01325e-05	3.16086e-06	8.2798e-07	1.76677e-07	2.9655e-08	4.10571e-09	
68087	0.00698665	0.0517372	0.17153	0.283265	0.226804	0.109611	0.0519663	0.0327207	0.0220212	0.0146418	0.00981639	0.00658726	0.00434895	0.00281862	0.00181489	0.00117838	0.000776571	0.00051603	0.000340485	0.000219344	0.000135946	8.00249e-05	4.4184e-05	2.25782e-05	1.05204e-05	4.39489e-06	1.61436e-06	5.09886e-07	1.34937e-07	2.90391e-08	4.90881e-09	6.84112e-10	
78087	3.24083e-05	0.011469	0.125018	0.288284	0.27438	0.153482	0.0720138	0.0340974	0.0166465	0.00891219	0.00531505	0.00339881	0.00226047	0.00154085	0.00106431	0.000735149	0.000500964	0.000333033	0.000214271	0.00013272	7.87981e-05	4.45963e-05	2.38532e-05	1.19076e-05	5.459e-06	2.2552e-06	8.21896e-07	2.58082e-07	6.79939e-08	1.45809e-08	2.4578e-09	3.41655e-10	
88087	0.000101129	0.0048635	0.0795129	0.265644	0.277065	0.161787	0.0957974	0.0569944	0.0295568	0.0137931	0.00638711	0.00323215	0.00184899	0.00115949	0.000763754	0.000514258	0.000348591	0.000235191	0.000156163	0.00010084	6.25698e-05	3.68603e-05	2.03632e-05	1.041e-05	4.85202e-06	2.02737e-06	7.4483e-07	2.3528e-07	6.2272e-08	1.34026e-08	2.26581e-09	3.15806e-10	
98087	0.000124365	0.0127397	0.140594	0.368644	0.310313	0.111513	0.0282043	0.010419	0.00605108	0.00402012	0.0026649	0.00171733	0.00108289	0.000679617	0.000432042	0.000280939	0.000186358	0.000124491	8.2361e-05	5.31191e-05	3.29438e-05	1.94033e-05	1.07189e-05	5.48026e-06	2.55483e-06	1.06777e-06	3.92386e-07	1.2398e-07	3.28217e-08	7.06564e-09	1.19475e-09	1.66558e-10	
108087	1.66251e-05	0.000990816	0.0124913	0.04527	0.0707825	0.0755413	0.0845594	0.0879435	0.0847597	0.0816085	0.0776752	0.0718985	0.064447	0.0559375	0.0470657	0.0384257	0.0304299	0.0233044	0.017147	0.0120022	0.00789546	0.00481614	0.00268622	0.00135098	0.000604575	0.000237772	8.11925e-05	2.37484e-05	5.8466e-06	1.18263e-06	1.90295e-07	2.54487e-08	
118087	1.33514e-06	6.85941e-05	0.000823427	0.0056987	0.0265813	0.0754755	0.129625	0.137187	0.108112	0.0825811	0.0677118	0.0585437	0.0519106	0.0465638	0.0419522	0.0375661	0.0329162	0.0277699	0.0222721	0.0168368	0.0119278	0.00788055	0.00482889	0.00272386	0.00140012	0.000647225	0.000264587	9.36533e-05	2.79596e-05	6.82182e-06	1.31123e-06	2.11529e-07	
128087	0.000935811	0.00823725	0.0226496	0.043947	0.0723675	0.105349	0.130688	0.132304	0.111808	0.0855772	0.0653933	0.0528343	0.0444524	0.0370035	0.0292118	0.0214028	0.0144944	0.00914886	0.0054647	0.00313684	0.00174666	0.000943233	0.000489024	0.00023919	0.000108081	4.41447e-05	1.59371e-05	4.96483e-06	1.29933e-06	2.77073e-07	4.64822e-08	6.43221e-09	
138087	6.90323e-06	0.000256889	0.00239067	0.0140002	0.0514441	0.118093	0.176219	0.18166	0.143397	0.0983126	0.0651372	0.0441209	0.0306841	0.0216863	0.0155357	0.0112715	0.00822758	0.00597	0.00424729	0.0029231	0.00192026	0.00118731	0.000680718	0.000356264	0.000167439	6.94494e-05	2.4949e-05	7.60449e-06	1.92218e-06	3.92653e-07	6.2914e-08	8.28889e-09	
148087	1.22239e-07	3.86702e-06	4.08992e-05	0.000260788	0.00120194	0.00444692	0.0134772	0.0328326	0.0645987	0.102136	0.12843	0.131655	0.116834	0.096118	0.0769273	0.0610396	0.0480673	0.0373481	0.028346	0.0207403	0.0144342	0.00943784	0.00572874	0.00318586	0.00159865	0.000711527	0.000275682	9.10982e-05	2.50811e-05	5.5947e-06	9.77068e-07	1.40461e-07	
158087	7.05201e-09	1.05033e-07	5.03053e-07	1.7166e-06	4.98257e-06	1.32242e-05	3.33957e-05	8.23694e-05	0.00020195	0.000496729	0.00122521	0.00299833	0.00713284	0.0160298	0.0329337	0.0600354	0.0951052	0.129576	0.151269	0.151165	0.129607	0.0959889	0.0618736	0.0348973	0.0173283	0.00762911	0.00297726	0.00101459	0.000293613	6.96403e-05	1.30047e-05	2.02381e-06	
168087	1.03976e-09	3.29861e-08	2.69913e-07	1.48988e-06	6.68177e-06	2.58293e-05	8.84568e-05	0.000272889	0.000766913	0.00197863	0.00471135	0.0103886	0.0212255	0.0399644	0.0682105	0.102576	0.131725	0.141999	0.130075	0.105558	0.0797345	0.0578901	0.0407167	0.0273967	0.0171761	0.00972245	0.00481733	0.00202743	0.000702467	0.000193639	4.08686e-05	7.06908e-06	
178087	6.25474e-08	1.02005e-06	5.06224e-06	1.73347e-05	4.95008e-05	0.000127515	0.000309165	0.000724836	0.00167303	0.00383313	0.00866602	0.0188896	0.0382367	0.0688888	0.106532	0.138414	0.150616	0.139131	0.112005	0.081253	0.054754	0.0347724	0.0206908	0.011313	0.00554046	0.00236517	0.000856979	0.000257025	6.23219e-05	1.19452e-05	1.76921e-06	2.12199e-07	
188087	3.81524e-05	0.000729294	0.00590456	0.0333901	0.110082	0.199968	0.21639	0.164589	0.1072	0.0671305	0.0405005	0.023208	0.012906	0.00721217	0.00415385	0.00249238	0.00155268	0.000989833	0.000633252	0.000398802	0.000243082	0.000141286	7.72161e-05	3.91178e-05	1.8088e-05	7.50366e-06	2.73857e-06	8.59831e-07	2.26326e-07	4.84764e-08	8.16154e-09	1.13323e-09	
198087	1.20321e-06	9.49589e-05	0.000909346	0.00421003	0.012985	0.0302089	0.0562422	0.0864975	0.11211	0.124486	0.120539	0.104215	0.0831934	0.0638944	0.0489577	0.0381574	0.0303161	0.0242704	0.0191466	0.0145111	0.0103386	0.00680332	0.00407086	0.00218153	0.00103109	0.000423154	0.000148361	4.36767e-05	1.05907e-05	2.06797e-06	3.16369e-07	3.95922e-08	
208087	0.00048562	0.00754506	0.0337303	0.0881655	0.157185	0.204147	0.199355	0.148079	0.0850469	0.0401103	0.017462	0.00796745	0.00408566	0.00235393	0.00147465	0.000971187	0.000654316	0.000441308	0.000292983	0.000188919	0.000116945	6.87138e-05	3.78674e-05	1.93166e-05	8.98661e-06	3.74901e-06	1.37549e-06	4.33999e-07	1.14756e-07	2.46782e-08	4.16913e-09	5.80705e-10	
218087	0.136848	0.299209	0.159275	0.0548691	0.0272311	0.0261527	0.0308846	0.0365827	0.0404924	0.0406758	0.0371659	0.0314099	0.0248274	0.0184086	0.0128692	0.00858876	0.00556482	0.00354813	0.00223385	0.00137949	0.000826129	0.000473816	0.000256758	0.000129474	5.97365e-05	2.47544e-05	9.02786e-06	2.83238e-06	7.44913e-07	1.59405e-07	2.68135e-08	3.71974e-09	
228087	0.221152	0.462899	0.233242	0.0638776	0.0132221	0.00326018	0.00117548	0.000504513	0.000239286	0.000130972	8.32255e-05	5.83542e-05	4.28766e-05	3.20587e-05	2.40245e-05	1.7868e-05	1.30815e-05	9.35515e-06	6.48487e-06	4.32247e-06	2.74667e-06	1.64815e-06	9.23925e-07	4.77955e-07	2.24951e-07	9.47542e-08	3.50466e-08	1.11333e-08	2.96069e-09	6.39779e-10	1.08528e-10	1.51754e-11	
238087	1.84532e-06	2.57949e-05	0.000116086	0.000370248	0.000996393	0.00243655	0.00564906	0.0126549	0.0270821	0.0531623	0.0908479	0.129799	0.152851	0.150061	0.126147	0.0936113	0.0630815	0.0395646	0.0235325	0.0134091	0.00733886	0.00384734	0.00191612	0.000893874	0.0003836	0.000148569	5.09406e-05	1.51463e-05	3.81173e-06	7.88221e-07	1.29224e-07	1.75498e-08	
248087	6.93801e-05	0.00258926	0.0146634	0.0425621	0.084187	0.126616	0.151935	0.148863	0.12181	0.0869654	0.0581455	0.039202	0.0278876	0.0211141	0.0167231	0.0135247	0.0109697	0.00882344	0.0069756	0.00536903	0.00398043	0.00280956	0.00186491	0.00114869	0.000646908	0.000327532	0.000146212	5.62616e-05	1.81772e-05	4.78244e-06	9.88919e-07	1.72873e-07	
258087	0.000160312	0.00282889	0.0151307	0.0492245	0.106458	0.157489	0.16757	0.140167	0.105018	0.0782991	0.058365	0.0418096	0.0284202	0.0185599	0.0118228	0.00740004	0.00456102	0.00277714	0.00167718	0.00100355	0.000589075	0.000333743	0.00017925	8.96978e-05	4.11112e-05	1.69487e-05	6.15978e-06	1.92885e-06	5.06894e-07	1.08462e-07	1.82479e-08	2.53191e-09	
268087	1.32808e-05	0.000175224	0.000718097	0.00210082	0.00535819	0.0122391	0.0240403	0.0398194	0.0568912	0.0731296	0.0871977	0.0971749	0.100897	0.0976167	0.0887095	0.076777	0.0641222	0.0519343	0.0405641	0.0301829	0.0210942	0.013649	0.00805843	0.00427905	0.00201552	0.000830761	0.000295234	8.88339e-05	2.21233e-05	4.43764e-06	6.94901e-07	8.87271e-08	
278087	9.53409e-07	1.53172e-05	8.12381e-05	0.000308062	0.000983833	0.00279861	0.00719142	0.0165578	0.0335337	0.0586718	0.0878676	0.11296	0.126637	0.127023	0.116638	0.098791	0.0768201	0.0544974	0.0352233	0.0208727	0.0114854	0.00594177	0.00290044	0.00132573	0.000559096	0.00021379	7.26976e-05	2.14922e-05	5.37906e-06	1.1048e-06	1.79647e-07	2.41598e-08	
288087	3.58544e-06	5.90878e-05	0.000291044	0.00098624	0.00277128	0.00688835	0.0155111	0.0318427	0.0590771	0.0964884	0.133963	0.154485	0.148268	0.121236	0.0873212	0.0572798	0.0352341	0.020864	0.0121537	0.00702706	0.0039981	0.00219381	0.0011358	0.000544581	0.00023807	9.35049e-05	3.24663e-05	9.77182e-06	2.48757e-06	5.19558e-07	8.58621e-08	1.17392e-08	
298087	5.78349e-06	9.9043e-05	0.000477256	0.00151726	0.00390176	0.00878713	0.0178667	0.0329957	0.0549701	0.0815194	0.10624	0.121392	0.123193	0.113423	0.0965615	0.076989	0.057834	0.0408437	0.0268884	0.0163703	0.00920317	0.00480232	0.00234171	0.00106804	0.000451596	0.000174069	5.98934e-05	1.79609e-05	4.56634e-06	9.53082e-07	1.57368e-07	2.14866e-08	
308087	7.79525e-07	1.85229e-05	0.000128927	0.000591336	0.00215922	0.00668229	0.0177367	0.0399548	0.0750038	0.115441	0.144874	0.150025	0.132044	0.102606	0.0730235	0.0492796	0.032552	0.0214388	0.0140771	0.00912079	0.00576132	0.00350233	0.00201711	0.00108031	0.000527116	0.000229303	8.69213e-05	2.8008e-05	7.46327e-06	1.59468e-06	2.63892e-07	3.53481e-08	
318087	8.00286e-06	0.000144731	0.000839136	0.00363435	0.0122481	0.0291592	0.0491085	0.0657622	0.0810336	0.0980533	0.114097	0.122816	0.11907	0.102479	0.0779396	0.0526511	0.0321126	0.0181794	0.00986733	0.00526224	0.00277918	0.00144274	0.000724276	0.000344753	0.000152388	6.11985e-05	2.18153e-05	6.7308e-06	1.74826e-06	3.70554e-07	6.1859e-08	8.52143e-09	
328087	0.000170747	0.00338989	0.0151991	0.0451078	0.0978459	0.148985	0.163302	0.140734	0.106395	0.0764266	0.0544779	0.0396137	0.0296836	0.0227091	0.0173966	0.0130639	0.00944142	0.00647929	0.00418597	0.00253369	0.00143405	0.00075892	0.00037555	0.000173374	7.41289e-05	2.89485e-05	1.01149e-05	3.08125e-06	7.94232e-07	1.67579e-07	2.78963e-08	3.83501e-09	
338087	8.97101e-05	0.00116299	0.00484367	0.0139893	0.032561	0.0634597	0.103416	0.139557	0.155807	0.145677	0.116666	0.0824596	0.0534331	0.0331986	0.0205488	0.0128708	0.0081054	0.00505618	0.00308528	0.00182822	0.00104741	0.000576869	0.000302395	0.000148677	6.73372e-05	2.75349e-05	9.94642e-06	3.09913e-06	8.10955e-07	1.72875e-07	2.89909e-08	4.0103e-09	
348087	4.5618e-07	1.65673e-05	0.000138738	0.000698239	0.00265685	0.00822247	0.0210731	0.0447385	0.0784965	0.113892	0.137507	0.140156	0.123659	0.0978756	0.0723935	0.0518085	0.0365475	0.0254495	0.0173324	0.0114011	0.00716018	0.00425215	0.00236579	0.00121912	0.000572897	0.00024068	8.83064e-05	2.7573e-05	7.12359e-06	1.47683e-06	2.37527e-07	3.09379e-08	
358087	7.62257e-07	1.68426e-05	9.13377e-05	0.00031154	0.00083436	0.00191768	0.00395635	0.0075215	0.0133928	0.0225221	0.0357538	0.0531167	0.0729819	0.0920321	0.106411	0.113059	0.110531	0.0995566	0.0829584	0.0643823	0.0467272	0.0316115	0.0197187	0.0111632	0.00563091	0.00248065	0.000933922	0.000293424	7.49672e-05	1.51421e-05	2.34431e-06	2.89502e-07	
368087	6.01352e-05	0.000656341	0.00235761	0.00608082	0.0131655	0.0251399	0.0430722	0.0665525	0.0927213	0.116107	0.130023	0.129546	0.114624	0.090583	0.0648961	0.0429908	0.0267545	0.0157685	0.00886578	0.00482332	0.00257961	0.00135994	0.000695358	0.00033614	0.000149869	6.02873e-05	2.14171e-05	6.56703e-06	1.69376e-06	3.56678e-07	5.92315e-08	8.12542e-09	
378087	6.33043e-07	7.45661e-06	2.82457e-05	7.61566e-05	0.000174118	0.000361664	0.000707312	0.00133294	0.00246538	0.0045441	0.00841427	0.0155622	0.0281397	0.0482942	0.0765247	0.109613	0.139319	0.153653	0.143502	0.111896	0.073562	0.0421873	0.0219139	0.010486	0.00458738	0.00179725	0.000615938	0.00018042	4.40835e-05	8.73779e-06	1.3596e-06	1.72935e-07	
388087	1.25153e-08	1.68446e-07	7.46561e-07	2.41449e-06	6.7906e-06	1.77621e-05	4.45428e-05	0.000108484	0.000257429	0.000594024	0.00132773	0.00286358	0.00593986	0.0118001	0.022269	0.0393529	0.0638951	0.0936124	0.122167	0.140795	0.142517	0.126427	0.0978623	0.0652097	0.0366566	0.0170689	0.00651604	0.00203623	0.000522048	0.000109304	1.82959e-05	2.5769e-06	
398087	1.09974e-08	1.8096e-07	9.44454e-07	3.47767e-06	1.07902e-05	3.02525e-05	7.94047e-05	0.00019927	0.000484767	0.00115236	0.00267834	0.00603162	0.0129263	0.0257815	0.0468617	0.0763119	0.109843	0.138283	0.151098	0.142526	0.11551	0.0801503	0.0476969	0.0245686	0.0111022	0.0044466	0.00157712	0.000487136	0.000127076	2.69573e-05	4.46848e-06	6.04446e-07	
408087	0.00137533	0.0123212	0.0339003	0.0630095	0.0936467	0.118463	0.131331	0.129732	0.115573	0.0939133	0.070478	0.0495342	0.033085	0.02126	0.0132242	0.00797452	0.00468998	0.0027348	0.0016078	0.000952549	0.000558383	0.000316511	0.000170049	8.51046e-05	3.90094e-05	1.60828e-05	5.84474e-06	1.8299e-06	4.80779e-07	1.02848e-07	1.7299e-08	2.3997e-09	
418087	1.12311e-08	5.38897e-07	4.5372e-06	2.22999e-05	8.3875e-05	0.000267299	0.000754681	0.00192649	0.0044882	0.00958123	0.0187424	0.0334387	0.0538959	0.0775748	0.098915	0.111959	0.114254	0.107697	0.0956698	0.0806772	0.0644	0.0482673	0.0335417	0.021279	0.0121445	0.00615973	0.00274319	0.00105547	0.000342634	9.08653e-05	1.89234e-05	3.31619e-06	
428087	5.2521e-07	7.60687e-06	3.54697e-05	0.000119357	0.000347401	0.000930341	0.0023287	0.00542782	0.0116715	0.0229419	0.0408779	0.0654528	0.0933367	0.117745	0.131267	0.130015	0.115313	0.0922386	0.0670218	0.0446024	0.0273867	0.0155921	0.00825446	0.00406361	0.00184951	0.000767183	0.000283528	9.07246e-05	2.43427e-05	5.29175e-06	8.98236e-07	1.2486e-07	
438087	1.47225e-05	0.000160223	0.000557392	0.00137181	0.00284225	0.00529049	0.00909126	0.0145677	0.0218359	0.03073	0.0409546	0.0524118	0.0653769	0.080137	0.0959732	0.109918	0.11662	0.110919	0.0922466	0.0663138	0.0413234	0.0226092	0.011019	0.00482906	0.00190936	0.000680261	0.00021702	6.11218e-05	1.48303e-05	2.99593e-06	4.8361e-07	6.48558e-08	
448087	2.07437e-06	2.61082e-05	0.000118063	0.000423213	0.00134859	0.00379196	0.0092489	0.0196317	0.0368455	0.0617444	0.0919199	0.120053	0.136282	0.134395	0.116329	0.0902938	0.0646659	0.0438437	0.0285341	0.017857	0.0106869	0.00605844	0.0032139	0.00157316	0.000699799	0.000278259	9.70725e-05	2.90712e-05	7.28634e-06	1.4843e-06	2.37684e-07	3.12719e-08	
458087	1.95441e-05	0.000216048	0.000764229	0.00191603	0.00405498	0.00774141	0.013732	0.0229074	0.0360103	0.0531383	0.0731091	0.0930494	0.10864	0.115374	0.110785	0.0963672	0.0769894	0.0578146	0.041791	0.02956	0.0205829	0.0140441	0.0092602	0.0057819	0.0033408	0.00174493	0.000804553	0.000319387	0.000106194	2.86664e-05	6.0626e-06	1.08303e-06	
468087	5.47228e-06	7.05214e-05	0.00029995	0.000912982	0.00232433	0.00521862	0.010564	0.0194756	0.0328466	0.0507524	0.0718191	0.0929419	0.109772	0.118083	0.115512	0.102751	0.0833842	0.0622965	0.0435545	0.0291321	0.0190392	0.0122576	0.00768817	0.00459093	0.00254509	0.00127911	0.000569373	0.000218996	7.08077e-05	1.86528e-05	3.8622e-06	6.76083e-07	
478087	3.93579e-06	4.70087e-05	0.000180449	0.000492914	0.00114153	0.00239888	0.00472577	0.00887099	0.015974	0.0275761	0.0453085	0.0698992	0.0993599	0.127267	0.143591	0.140037	0.11688	0.0837951	0.0525822	0.0297619	0.0156839	0.00785962	0.00375853	0.00169633	0.00071011	0.000270551	9.19237e-05	2.72104e-05	6.82887e-06	1.40787e-06	2.29937e-07	3.10832e-08	
488087	7.34709e-05	0.00088565	0.00326975	0.00817979	0.0164809	0.0285415	0.0437838	0.0604302	0.0757282	0.0867699	0.091627	0.0901427	0.0838321	0.0750366	0.0659509	0.0579021	0.0510013	0.0444226	0.0372563	0.029276	0.0210792	0.013672	0.0078855	0.00400421	0.00177588	0.000683104	0.000226297	6.40049e-05	1.52565e-05	3.0023e-06	4.72978e-07	6.21971e-08	
498087	1.30672e-07	2.80161e-06	1.58311e-05	5.78075e-05	0.000168538	0.00042701	0.000980408	0.00208765	0.00417934	0.00793285	0.0143554	0.024839	0.0410244	0.0640653	0.0929552	0.122594	0.143612	0.146074	0.126522	0.0923799	0.057225	0.0309155	0.015221	0.00710608	0.00318063	0.00133732	0.000510127	0.000170245	4.79795e-05	1.10135e-05	1.98059e-06	2.93941e-07	
508087	6.06306e-06	6.82272e-05	0.000245977	0.000627709	0.00134484	0.00257151	0.0044965	0.00725572	0.0108484	0.0151083	0.0198	0.024819	0.0303652	0.0369497	0.0451792	0.0553717	0.0672033	0.0796174	0.0908767	0.0985388	0.0998398	0.0929473	0.0782978	0.0588491	0.0389265	0.0223397	0.0109528	0.00450846	0.00152652	0.000414679	8.7627e-05	1.55655e-05	
518087	9.16725e-07	1.15308e-05	4.65586e-05	0.000133341	0.000322044	0.000701064	0.00142105	0.0027317	0.00503608	0.00896231	0.0154293	0.0256257	0.040739	0.061235	0.0857142	0.109984	0.127485	0.131764	0.120268	0.0966897	0.068971	0.0443141	0.0260332	0.0140955	0.00703616	0.00322079	0.0013349	0.000489682	0.000154018	4.00243e-05	8.25184e-06	1.44804e-06	
528087	2.52731e-05	0.000287822	0.00103411	0.00258689	0.00535007	0.00976149	0.0161991	0.0248428	0.0355194	0.0475853	0.0599225	0.0711044	0.0797218	0.0847655	0.0858947	0.0834455	0.0781624	0.0708257	0.0620359	0.0522647	0.0420253	0.0319477	0.0227082	0.0148951	0.00887961	0.00472856	0.00220578	0.000881398	0.000293977	7.94194e-05	1.67821e-05	2.99113e-06	
538087	1.26226e-05	0.000142586	0.000514777	0.00131556	0.00283783	0.00553678	0.0100993	0.0174809	0.0287823	0.044773	0.0649834	0.0867761	0.105389	0.115676	0.114742	0.10344	0.0856447	0.0660923	0.0484072	0.0342592	0.0236871	0.0159733	0.0103654	0.0063468	0.00359	0.00183609	0.000830294	0.000323962	0.00010611	2.82762e-05	5.9142e-06	1.04532e-06	
548087	1.01308e-07	1.29537e-06	5.40134e-06	1.63657e-05	4.31952e-05	0.00010669	0.000254557	0.000593065	0.00134749	0.00296374	0.00624878	0.012496	0.0234326	0.0406907	0.0645612	0.0923646	0.117753	0.13258	0.131364	0.115173	0.0907744	0.06564	0.0441408	0.0275867	0.0158276	0.00818645	0.00373614	0.00146806	0.000483107	0.000129104	2.70689e-05	4.80903e-06	
558087	3.88645e-06	4.30346e-05	0.000152257	0.000381064	0.000804831	0.0015418	0.00279127	0.00491663	0.00859549	0.0149911	0.0257035	0.0420727	0.0637398	0.0874663	0.107815	0.119728	0.120743	0.111246	0.0937794	0.0723238	0.0510529	0.0329464	0.0193206	0.0101841	0.00476058	0.00194563	0.000684768	0.000203866	5.02251e-05	9.97638e-06	1.55087e-06	1.97209e-07	
568087	5.71412e-05	0.000595027	0.001969	0.00457472	0.00886625	0.0152941	0.0241859	0.035569	0.0489662	0.0632479	0.0766625	0.0871691	0.0930447	0.0934775	0.0887861	0.0801881	0.069302	0.0576126	0.0461297	0.0354128	0.0258368	0.0177545	0.0114172	0.00683702	0.00378521	0.00191125	0.000861607	0.00033746	0.000111335	2.99158e-05	6.30809e-06	1.12429e-06	
578087	2.1474e-07	5.14939e-06	2.92079e-05	0.000103493	0.000287859	0.000688464	0.00148149	0.00294213	0.00547456	0.00963349	0.0161227	0.0257513	0.0393085	0.0572486	0.0789917	0.101815	0.12019	0.12739	0.11979	0.100068	0.075196	0.0515122	0.0322592	0.0182827	0.00921689	0.00405451	0.00152477	0.000479242	0.00012281	2.4986e-05	3.9207e-06	4.95946e-07	
588087	5.0556e-05	0.000990936	0.00464382	0.0130927	0.0275432	0.0470443	0.0680083	0.0852976	0.0946178	0.0947126	0.0877262	0.0775177	0.0673823	0.0588205	0.0517718	0.0455628	0.039652	0.0338341	0.02812	0.022608	0.0174415	0.0127918	0.00882208	0.00564756	0.00330429	0.00173537	0.000801404	0.000317901	0.000105469	2.8382e-05	5.97999e-06	1.06321e-06	
598087	7.70189e-06	0.000230041	0.00145436	0.00535491	0.0144469	0.0310337	0.0549991	0.0819213	0.104104	0.114979	0.113226	0.102635	0.0884558	0.0741634	0.0608553	0.0484262	0.0367958	0.0263201	0.0175469	0.0108374	0.00618339	0.00325784	0.00158668	0.000714921	0.000297374	0.000113217	3.87769e-05	1.16458e-05	2.97243e-06	6.22724e-07	1.03101e-07	1.41059e-08	
608087	3.19797e-06	3.74422e-05	0.00014089	0.00037753	0.000857384	0.00176144	0.00337028	0.0060903	0.0104687	0.0171758	0.0268886	0.0399597	0.0558388	0.0725891	0.0871942	0.0968713	0.100403	0.0982033	0.0912909	0.0806095	0.0671878	0.0523754	0.0377453	0.0248061	0.014649	0.00765825	0.00349012	0.00136254	0.000445823	0.000118865	2.49297e-05	4.42724e-06	
618087	1.43699e-07	1.68716e-06	6.39592e-06	1.7363e-05	4.03286e-05	8.62002e-05	0.000176532	0.000355905	0.000719855	0.00147374	0.00303828	0.00619047	0.0121602	0.0225256	0.0387226	0.0610485	0.087336	0.112296	0.129074	0.132699	0.122426	0.101295	0.0745108	0.0479821	0.0265649	0.0124194	0.00482101	0.00152934	0.000390124	7.85623e-05	1.21966e-05	1.52545e-06	
628087	1.00359e-06	1.33062e-05	5.65757e-05	0.000170564	0.000433406	0.000990467	0.00209607	0.00416329	0.0078027	0.0138085	0.0230273	0.0360479	0.0527606	0.0720536	0.0919386	0.109848	0.122488	0.125663	0.1157	0.0928412	0.0633003	0.0361835	0.0174168	0.00722757	0.00267615	0.000907515	0.000282113	7.8548e-05	1.89163e-05	3.79182e-06	6.07319e-07	8.08307e-08	
638087	3.30294e-05	0.00035171	0.00118731	0.00280803	0.00553401	0.00971971	0.0157297	0.0239104	0.0345465	0.0477593	0.0632727	0.0800135	0.0957143	0.106985	0.110352	0.104072	0.0894665	0.0704121	0.0512381	0.0348585	0.0223677	0.0136134	0.00786999	0.004302	0.00219764	0.00102992	0.000432487	0.000158413	4.91381e-05	1.24927e-05	2.5092e-06	4.26747e-07	
648087	1.61179e-05	0.000208393	0.000898837	0.00270472	0.00655438	0.0134806	0.024139	0.0381871	0.0539247	0.0686459	0.0797017	0.0856201	0.0864928	0.0834832	0.0780134	0.071223	0.0638195	0.0561344	0.0482592	0.0402267	0.0321729	0.0243995	0.0173228	0.0113537	0.00676477	0.00360145	0.00168003	0.000671453	0.000224026	6.05471e-05	1.28005e-05	2.28292e-06	
658087	5.44697e-06	6.27846e-05	0.000233124	0.000617337	0.00138828	0.00283586	0.00543489	0.00994011	0.0174866	0.0295661	0.0475157	0.0710947	0.0966985	0.117459	0.126613	0.121508	0.104708	0.0820121	0.0593379	0.0404376	0.0264315	0.0167268	0.0102051	0.00590963	0.0031806	0.00155553	0.000675431	0.000254	8.04759e-05	2.08199e-05	4.24286e-06	7.31324e-07	
668087	1.52945e-05	0.000197083	0.000794018	0.0022106	0.00505371	0.0101252	0.0183223	0.0304012	0.0465977	0.0661804	0.0871131	0.106059	0.118915	0.121939	0.113321	0.0945597	0.0704524	0.0469956	0.0284511	0.0159656	0.00846443	0.0042761	0.00205299	0.000927732	0.000389326	0.00014925	5.1228e-05	1.53624e-05	3.90983e-06	8.16865e-07	1.34948e-07	1.84277e-08	
678087	3.13171e-07	3.85496e-06	1.52527e-05	4.29207e-05	0.000102344	0.000221659	0.000452091	0.000887891	0.00170423	0.00322578	0.00603809	0.0111311	0.0199899	0.0344044	0.0556394	0.0827722	0.110922	0.13163	0.137211	0.125992	0.102641	0.0744285	0.0480503	0.0276682	0.0142473	0.00655699	0.0026793	0.000958174	0.000293051	7.42762e-05	1.50093e-05	2.58851e-06	
688087	1.03485e-05	0.000114202	0.000401489	0.000993971	0.00206167	0.00383295	0.00660835	0.0107859	0.0169066	0.0257131	0.0381536	0.0551503	0.0768379	0.101161	0.122629	0.133271	0.127076	0.105026	0.0752211	0.0472313	0.0265015	0.013529	0.00634887	0.00274883	0.00109818	0.000402644	0.00013339	3.89067e-05	9.67542e-06	1.98079e-06	3.21481e-07	4.3182e-08	
698087	5.83332e-07	6.76715e-06	2.54219e-05	6.85008e-05	0.00015771	0.000331937	0.000659668	0.00125839	0.0023209	0.00414151	0.00712356	0.011743	0.0184593	0.0276026	0.0392754	0.0532759	0.0690296	0.0854833	0.100843	0.112274	0.116147	0.109404	0.0918011	0.0672706	0.0424103	0.0227937	0.0103923	0.00399854	0.00128355	0.000336348	6.96365e-05	1.22533e-05	
708087	2.41504e-05	0.000320034	0.00149513	0.00493474	0.0130508	0.0289497	0.0548402	0.0889938	0.12314	0.144342	0.143047	0.12105	0.0900153	0.0617276	0.0412545	0.0279419	0.0193184	0.0133849	0.00904955	0.00583305	0.00352272	0.00196864	0.00100929	0.000472064	0.000200604	7.69998e-05	2.63853e-05	7.90959e-06	2.01618e-06	4.22312e-07	6.99531e-08	9.57789e-09	
718087	4.77951e-06	5.4416e-05	0.000201106	0.000538201	0.00125104	0.0027137	0.00566154	0.011408	0.02184	0.0385927	0.0612231	0.0859384	0.106759	0.118334	0.118321	0.108099	0.091496	0.0726271	0.0544783	0.0386917	0.0259455	0.0163385	0.00960653	0.00524689	0.00264635	0.00122015	0.000505543	0.000183689	5.67999e-05	1.44435e-05	2.90686e-06	4.95906e-07	
728087	1.0735e-05	0.000227577	0.00137498	0.00519434	0.0145416	0.0323176	0.059089	0.0907702	0.118817	0.13407	0.132014	0.11525	0.0911464	0.0670495	0.0471323	0.0323128	0.0217929	0.0144302	0.00931453	0.0058121	0.00347256	0.001964	0.00103777	0.000505139	0.000223178	8.80921e-05	3.05202e-05	9.09518e-06	2.27728e-06	4.66055e-07	7.54494e-08	1.01121e-08	
738087	0.000636523	0.00613189	0.0186903	0.0393393	0.0670629	0.097671	0.124054	0.138498	0.136292	0.118413	0.0911834	0.0628827	0.0396963	0.0237628	0.0140517	0.00845648	0.00521532	0.00325526	0.002016	0.00121689	0.000706804	0.000391327	0.000204675	0.000100015	4.50058e-05	1.83155e-05	6.59825e-06	2.05367e-06	5.37329e-07	1.14587e-07	1.92266e-08	2.66121e-09	
748087	2.47849e-07	3.57e-06	1.64476e-05	5.5112e-05	0.000161651	0.000436134	0.00107892	0.00241004	0.0048205	0.00867114	0.0142734	0.0220735	0.0328636	0.0475502	0.0662873	0.0874095	0.106953	0.11961	0.121116	0.110562	0.0908715	0.067206	0.0446415	0.026519	0.0139934	0.00650405	0.00263707	0.000921182	0.000272334	6.64352e-05	1.29364e-05	2.15496e-06	
758087	6.49121e-07	8.63914e-06	4.27124e-05	0.000159859	0.000498839	0.00133177	0.00309115	0.00631944	0.0115041	0.0188341	0.0280123	0.0382933	0.0488314	0.0592075	0.0696713	0.080512	0.0907929	0.0978314	0.0984266	0.0910903	0.0773441	0.0607759	0.0447447	0.0309877	0.0199569	0.0116745	0.0060303	0.00267077	0.000983654	0.000291404	6.68907e-05	1.28945e-05	
768087	2.61774e-06	3.02667e-05	0.000112058	0.000293942	0.000651165	0.00130854	0.00248434	0.00457573	0.00826586	0.0145398	0.0244577	0.0386768	0.0568684	0.0771546	0.0959332	0.108817	0.112595	0.106849	0.0939186	0.0772972	0.0599946	0.04396	0.0302551	0.0193512	0.0113262	0.00595314	0.00275131	0.0010923	0.000362841	9.78276e-05	2.06652e-05	3.68711e-06	
778087	0.000266518	0.00275947	0.00927171	0.0220592	0.043064	0.0717323	0.103003	0.127853	0.137445	0.128535	0.105707	0.0781557	0.0538643	0.0362001	0.0246466	0.0172697	0.0123681	0.00888933	0.00628438	0.00429258	0.0027901	0.00170259	0.00096297	0.000498263	0.000232628	9.65539e-05	3.50499e-05	1.09249e-05	2.86162e-06	6.13703e-07	1.0434e-07	1.48048e-08	
788087	3.52694e-05	0.000389993	0.00137429	0.00341352	0.00710851	0.0132503	0.022758	0.0364562	0.0546243	0.0763593	0.0989697	0.117823	0.127283	0.123198	0.105931	0.0809144	0.0553681	0.0343709	0.0196301	0.0104879	0.00534517	0.00264168	0.00127118	0.000588376	0.00025588	0.000101758	3.6026e-05	1.10559e-05	2.85914e-06	6.03844e-07	1.00505e-07	1.38072e-08	
798087	2.47934e-07	4.30897e-06	2.25486e-05	8.04972e-05	0.000237224	0.000624807	0.00153113	0.00355988	0.00788696	0.0164961	0.0319044	0.0556013	0.0853916	0.114212	0.133066	0.136192	0.12381	0.100973	0.0744323	0.0498549	0.0304912	0.0171411	0.00893052	0.00433959	0.0019639	0.000816361	0.000303869	9.8086e-05	2.65269e-05	5.79882e-06	9.85885e-07	1.36216e-07	
808087	1.73755e-06	2.95821e-05	0.000147548	0.000495803	0.00135775	0.00326163	0.00710691	0.0142449	0.0263105	0.0444806	0.0680605	0.0931762	0.113249	0.122117	0.117797	0.10338	0.084318	0.0651115	0.0480884	0.033975	0.0227884	0.0143339	0.00833449	0.00441298	0.00209505	0.000877405	0.000318499	9.82635e-05	2.5186e-05	5.21807e-06	8.45108e-07	1.11525e-07	
818087	6.65648e-08	2.46803e-06	1.90409e-05	8.69497e-05	0.000302418	0.000885248	0.00228035	0.00526552	0.0109523	0.0204529	0.0339961	0.0498654	0.0646381	0.0755798	0.0827545	0.0879559	0.0920216	0.0938318	0.091395	0.0834021	0.0701528	0.0536513	0.0368733	0.0225359	0.0121178	0.00566432	0.00227076	0.000769354	0.000216775	4.97952e-05	9.07087e-06	1.3936e-06	
828087	1.99456e-07	5.71251e-06	3.51806e-05	0.000135106	0.000411928	0.00109127	0.00261479	0.00577651	0.011855	0.0225299	0.0390962	0.0607524	0.0833109	0.100704	0.108807	0.107603	0.0998605	0.0886335	0.0758173	0.0621745	0.0481496	0.0345272	0.0224521	0.012967	0.00651594	0.00279209	0.00100083	0.000294822	7.02013e-05	1.32847e-05	1.95711e-06	2.34667e-07	
838087	7.39928e-08	9.06903e-07	3.61368e-06	1.04091e-05	2.59866e-05	6.07138e-05	0.000138518	0.000316141	0.000727691	0.00167688	0.00379153	0.00819274	0.0165271	0.030703	0.0522434	0.0809986	0.113054	0.139431	0.149222	0.137318	0.10886	0.0747324	0.0443659	0.0225964	0.00981183	0.00363489	0.00115419	0.00031405	7.22976e-05	1.37227e-05	2.07417e-06	2.58916e-07	
848087	1.30527e-06	2.10988e-05	0.000106122	0.000372691	0.00108812	0.00280624	0.00654368	0.0139103	0.0269857	0.0476079	0.0757617	0.10738	0.133493	0.143719	0.133532	0.108148	0.0780113	0.0514137	0.0315988	0.0182779	0.00994535	0.005074	0.00242287	0.00108062	0.000447412	0.000169755	5.78526e-05	1.72577e-05	4.37228e-06	9.09672e-07	1.49723e-07	2.03759e-08	
858087	4.3643e-06	9.16966e-05	0.000479761	0.00153651	0.00376767	0.00780103	0.0143858	0.0243068	0.0379739	0.0546746	0.0721531	0.0873045	0.0975904	0.101819	0.0998764	0.0923111	0.0803281	0.0658129	0.0509283	0.0374537	0.0263424	0.0177519	0.011393	0.00686778	0.00381666	0.00191547	0.000849532	0.000325281	0.00010474	2.75126e-05	5.68937e-06	9.96053e-07	
868087	1.60817e-06	1.81682e-05	6.58472e-05	0.000169488	0.000369121	0.000728465	0.00134841	0.00238875	0.00410217	0.00688174	0.0113108	0.0181809	0.028408	0.0427379	0.0611519	0.0820712	0.101892	0.115674	0.119238	0.111453	0.0947741	0.07363	0.0523013	0.0338125	0.0197203	0.0102516	0.00467678	0.00183548	0.00060456	0.000162138	3.41528e-05	6.08413e-06	
878087	2.47694e-06	2.81342e-05	0.000106612	0.000304401	0.000778107	0.00185776	0.00414007	0.00852328	0.0160733	0.027632	0.0432227	0.0615521	0.0800485	0.0956381	0.105838	0.109365	0.105963	0.0960328	0.0807173	0.0622233	0.0435579	0.027494	0.0155625	0.0078492	0.00349806	0.00136328	0.00045877	0.000131197	3.12539e-05	6.05386e-06	9.26234e-07	1.16897e-07	
888087	0.00276838	0.0103254	0.0156057	0.0206637	0.026071	0.0315429	0.0368359	0.0419008	0.0467741	0.0514631	0.0558897	0.0598837	0.0631996	0.0655422	0.0665979	0.0660745	0.0637507	0.0595332	0.0535128	0.0460019	0.0375351	0.028815	0.0205992	0.0135494	0.00808615	0.00430743	0.00200944	0.000802922	0.000267787	7.2339e-05	1.52847e-05	2.72397e-06	
898087	0.00742322	0.0278061	0.0366778	0.0389939	0.0393941	0.0396984	0.0405331	0.0420908	0.0443601	0.0471886	0.0503188	0.0534247	0.0561483	0.0581287	0.0590266	0.0585497	0.0564865	0.0527482	0.0474133	0.0407581	0.0332562	0.0255299	0.0182507	0.0120045	0.00716416	0.00381627	0.00178031	0.000711362	0.00023725	6.40897e-05	1.35417e-05	2.41333e-06	
908087	0.00651878	0.0232759	0.0292373	0.0306053	0.031716	0.0337241	0.0366785	0.0403337	0.0443984	0.0486039	0.0527026	0.0564463	0.0595668	0.0617739	0.0627687	0.0622752	0.0600848	0.0561097	0.0504354	0.0433564	0.0353765	0.0271579	0.0194146	0.0127702	0.00762117	0.00405976	0.00189391	0.000756763	0.000252394	6.81815e-05	1.44064e-05	2.56748e-06	
918087	0.00236738	0.0093871	0.0143858	0.0192811	0.0246502	0.0302875	0.0359473	0.04147	0.0467656	0.0517696	0.0563965	0.0605042	0.063881	0.0662545	0.0673216	0.0667917	0.0644423	0.060179	0.0540934	0.0465011	0.0379425	0.0291278	0.0208229	0.0136966	0.00817403	0.00435426	0.0020313	0.00081166	0.000270703	7.31274e-05	1.54514e-05	2.75371e-06	
928087	0.00299035	0.0195111	0.0391241	0.0555071	0.066983	0.0743054	0.0787054	0.0809522	0.081282	0.0796537	0.075996	0.0703562	0.0629686	0.0542675	0.0448536	0.0354154	0.0266188	0.0189907	0.0128339	0.00820318	0.00494983	0.00280857	0.00148725	0.000726244	0.00032191	0.000127188	4.39309e-05	1.29947e-05	3.21871e-06	6.50599e-07	1.04044e-07	1.37777e-08	
938087	1.65895e-05	0.000188637	0.000680899	0.00171935	0.00360667	0.00671225	0.0114326	0.0181093	0.0269054	0.0376667	0.0498265	0.0624215	0.0742376	0.0840126	0.0906006	0.0930862	0.0909321	0.084173	0.0735422	0.0603994	0.0464413	0.0332952	0.0221557	0.0136031	0.0076396	0.0038745	0.00174298	0.00067959	0.000223308	5.98585e-05	1.2612e-05	2.24919e-06	
948087	1.63155e-05	0.000186394	0.000678734	0.00173919	0.00372398	0.00710879	0.0124668	0.0203934	0.0313588	0.0454804	0.0622331	0.0801612	0.0967384	0.108635	0.112635	0.107063	0.0929317	0.0737731	0.0539768	0.0367813	0.0234868	0.0140158	0.00773428	0.00388949	0.00175536	0.000700223	0.000242937	7.19358e-05	1.77622e-05	3.55466e-06	5.57483e-07	7.13436e-08	
958087	2.82643e-07	3.56488e-06	1.62728e-05	5.88675e-05	0.000191225	0.00056609	0.0015205	0.00368978	0.00806419	0.0158109	0.0277224	0.0436006	0.0622259	0.0817431	0.099617	0.1126	0.117625	0.113052	0.0993957	0.0793799	0.0571531	0.0368219	0.0210755	0.0106501	0.00473001	0.00183789	0.000619077	0.000177651	4.23711e-05	8.16789e-06	1.23608e-06	1.53545e-07	
968087	1.79045e-06	2.07224e-05	7.69161e-05	0.00020256	0.000450678	0.000906942	0.00170856	0.0030756	0.00536339	0.00914348	0.0152944	0.0249936	0.0393596	0.058535	0.0805883	0.101302	0.115513	0.119351	0.112019	0.0959766	0.0755416	0.0549623	0.0371079	0.0232147	0.0133416	0.00693322	0.0031884	0.0012646	0.000420291	0.000113357	2.39337e-05	4.26342e-06	
978087	1.40967e-06	2.28372e-05	0.000123548	0.000479063	0.00154298	0.00432574	0.0107071	0.0233589	0.0444702	0.0729918	0.102387	0.122615	0.126641	0.115455	0.0962171	0.0761942	0.0589849	0.0450203	0.0336394	0.0242993	0.0167464	0.0108578	0.00651805	0.00355826	0.00173217	0.000736485	0.000267655	8.13133e-05	2.01849e-05	3.99889e-06	6.16422e-07	7.759e-08	
988087	7.17877e-07	9.53863e-06	4.46145e-05	0.000154298	0.000449853	0.00114713	0.00259434	0.0052558	0.0096467	0.0162413	0.0253639	0.0370477	0.0508725	0.0658297	0.0802807	0.0921119	0.0992072	0.100191	0.0950236	0.0849249	0.0716615	0.0569101	0.0421262	0.0286428	0.0175792	0.00955679	0.00451124	0.00180993	0.000602734	0.000162143	3.41261e-05	6.07441e-06	
998087	2.0295e-05	0.000219173	0.000753534	0.0018248	0.0037062	0.00675588	0.0114236	0.0182337	0.0277119	0.0402038	0.0555436	0.072603	0.0889752	0.101287	0.106406	0.102977	0.0921686	0.0769939	0.0607138	0.0455846	0.0326593	0.0222305	0.0142415	0.00847292	0.00460389	0.00224084	0.000956256	0.00034954	0.000106686	2.64265e-05	5.14256e-06	8.42622e-07	
1.00809e+06	1.0792e-07	7.92042e-06	8.83152e-05	0.000493677	0.00187109	0.00543947	0.0128881	0.0257153	0.0440165	0.0653881	0.0851267	0.0983149	0.102569	0.0990615	0.0909284	0.0808709	0.0701773	0.0592478	0.0483155	0.0376988	0.0278071	0.0191143	0.0120606	0.00688217	0.00349942	0.00156048	0.000599008	0.000193529	5.12314e-05	1.07733e-05	1.73844e-06	2.24225e-07	
1.01809e+06	2.5459e-05	0.000273764	0.000934107	0.00223386	0.00444921	0.00788115	0.0128087	0.0194191	0.0277249	0.0374928	0.0482224	0.0592107	0.0697007	0.0790203	0.086543	0.0914117	0.0923487	0.08808	0.0783091	0.0643537	0.0487305	0.0340027	0.0218388	0.0128343	0.00682878	0.00324961	0.00136618	0.000500037	0.000155964	4.02134e-05	8.24721e-06	1.44295e-06	
1.02809e+06	9.66367e-06	0.000107918	0.000384148	0.000963008	0.0020208	0.00379134	0.00656324	0.0106662	0.0164515	0.0242802	0.0345152	0.0474503	0.0630383	0.0803407	0.096909	0.108763	0.1118	0.104361	0.088695	0.0694378	0.0506691	0.0344938	0.0216211	0.012236	0.00615187	0.00272445	0.00105927	0.000359663	0.000105023	2.56237e-05	5.01946e-06	8.41211e-07	
1.03809e+06	1.64741e-05	0.000208284	0.000823252	0.00225635	0.00510535	0.0101804	0.0184145	0.0305995	0.0469189	0.0663823	0.0864449	0.103191	0.112383	0.111316	0.10054	0.0838047	0.0657648	0.0495316	0.0361639	0.0255967	0.0174759	0.0114353	0.00711718	0.00417042	0.00226828	0.00112399	0.000496069	0.000190006	6.13534e-05	1.61686e-05	3.35249e-06	5.88156e-07	
1.04809e+06	3.4031e-05	0.000356522	0.0011819	0.00274113	0.00529492	0.00912032	0.0144914	0.0216331	0.0306128	0.0411648	0.0525442	0.0635973	0.0731415	0.0804134	0.0851173	0.0869666	0.0853394	0.0796821	0.0702972	0.0585307	0.046098	0.0343305	0.0240123	0.0155786	0.00922597	0.00489626	0.00228063	0.000910842	0.000303769	8.20716e-05	1.73453e-05	3.09227e-06	
1.05809e+06	4.05168e-05	0.000434284	0.00148499	0.00358368	0.00725339	0.0131198	0.0217804	0.0335318	0.0480023	0.0638709	0.0789291	0.0906181	0.0968794	0.0969	0.0913051	0.081678	0.0698249	0.0572966	0.0452164	0.0342521	0.0247297	0.0168229	0.0106381	0.00616612	0.00322892	0.00150414	0.000612831	0.000214253	6.28705e-05	1.50804e-05	2.86285e-06	4.59249e-07	
1.06809e+06	1.29021e-05	0.000168361	0.000677311	0.00185606	0.00410503	0.00780561	0.0131714	0.0201488	0.0284441	0.0376446	0.0473144	0.0569983	0.0661689	0.0741942	0.0803685	0.0839967	0.0845073	0.0815735	0.0752224	0.0659056	0.0544967	0.0421882	0.0302858	0.0199367	0.0118786	0.00630863	0.00293306	0.00116845	0.00038882	0.000104884	2.2144e-05	3.94491e-06	
1.07809e+06	6.70884e-06	7.59177e-05	0.000275499	0.000710652	0.00155367	0.00308181	0.00572425	0.0100946	0.01694	0.0268841	0.0398932	0.0547297	0.0690816	0.0806844	0.0884231	0.0922086	0.0921478	0.0882542	0.0807261	0.0701745	0.0576188	0.044347	0.0317019	0.0208204	0.0124004	0.00659413	0.00307269	0.00122705	0.000409149	0.00011052	2.33522e-05	4.16178e-06	
1.08809e+06	2.722e-06	3.33208e-05	0.000130011	0.000357215	0.000821633	0.00169068	0.00321456	0.00575098	0.00979022	0.0159705	0.0250523	0.037777	0.0544875	0.0744391	0.0950471	0.111824	0.11978	0.11593	0.101162	0.0798419	0.0574613	0.0381569	0.0236571	0.0137752	0.00749368	0.00374364	0.00167426	0.000650876	0.000213164	5.68755e-05	1.19146e-05	2.10928e-06	
1.09809e+06	9.0605e-08	1.08972e-06	4.22998e-06	1.17397e-05	2.77875e-05	6.02115e-05	0.000124134	0.000249998	0.00050154	0.00101427	0.00207463	0.00428042	0.0088397	0.0179591	0.0347966	0.0617631	0.0967001	0.130157	0.14908	0.145798	0.123326	0.0917759	0.0609534	0.0363453	0.0193976	0.00917233	0.00377765	0.00132233	0.000381361	8.73881e-05	1.52813e-05	2.12889e-06	
1.10809e+06	1.33062e-06	2.04012e-05	9.42501e-05	0.000295736	0.000758246	0.00171202	0.00354045	0.00686918	0.0126922	0.022476	0.0380128	0.0605589	0.0889112	0.117304	0.136023	0.13685	0.119511	0.0919439	0.063961	0.0414298	0.0255233	0.0150476	0.00843468	0.00443418	0.00214649	0.000935306	0.000357371	0.000116394	3.13641e-05	6.77384e-06	1.13247e-06	1.53386e-07	
1.11809e+06	2.25854e-06	3.73761e-05	0.000187644	0.000629751	0.00168294	0.00383714	0.00772686	0.0140191	0.0232113	0.0353781	0.0499451	0.0655826	0.0803386	0.0921378	0.0994817	0.101741	0.0987538	0.0903767	0.0768373	0.0596478	0.0417684	0.0263488	0.0151395	0.00806408	0.00402769	0.00187544	0.000795923	0.000298278	9.5338e-05	2.50591e-05	5.20852e-06	9.20185e-07	
1.12809e+06	1.0026e-07	1.60396e-06	8.12384e-06	2.95514e-05	9.31838e-05	0.000272729	0.000756124	0.00197831	0.00481684	0.010743	0.0216455	0.0389798	0.0622706	0.0878897	0.109629	0.121552	0.121188	0.110336	0.0931527	0.0736725	0.0546439	0.0376954	0.0238207	0.013538	0.00679155	0.0029544	0.00109507	0.000339376	8.60466e-05	1.74011e-05	2.72567e-06	3.45466e-07	
1.13809e+06	1.75329e-06	2.93936e-05	0.0001434	0.000470104	0.00125983	0.0029872	0.00649958	0.0131444	0.0246244	0.0422018	0.065282	0.0903483	0.111485	0.12271	0.12097	0.107781	0.0880775	0.0672407	0.0487474	0.033828	0.0224043	0.014001	0.00812605	0.00430481	0.00204479	0.000855081	0.000308802	9.43443e-05	2.3832e-05	4.84674e-06	7.68645e-07	9.90375e-08	
