1311	0.0065594	0.0211484	0.0378163	0.0556075	0.0731097	0.0885558	0.100063	0.105994	0.105378	0.098238	0.0857051	0.0698122	0.0530001	0.0374957	0.0247952	0.0154482	0.0091945	0.00532271	0.00304349	0.00172638	0.000963964	0.000522688	0.000271086	0.000132252	5.95625e-05	2.42591e-05	8.73915e-06	2.718e-06	7.10397e-07	1.51328e-07	2.53656e-08	3.50741e-09	
11311	0.00128415	0.0133155	0.067535	0.182652	0.177671	0.14703	0.11892	0.0919111	0.0668561	0.0457502	0.0300697	0.0194862	0.012691	0.00838206	0.00561943	0.00380451	0.00257619	0.00172343	0.00112437	0.000706546	0.000422859	0.00023856	0.000125607	6.10789e-05	2.71066e-05	1.08258e-05	3.82465e-06	1.17026e-06	3.02205e-07	6.38586e-08	1.06498e-08	1.46753e-09	
21311	0.000529502	0.0142493	0.129288	0.359265	0.24817	0.127611	0.0629658	0.0290367	0.0133421	0.00647981	0.00337798	0.00189741	0.00115872	0.000769172	0.000543851	0.000397394	0.000292434	0.000212886	0.000151336	0.00010387	6.80596e-05	4.20675e-05	2.42119e-05	1.27918e-05	6.10602e-06	2.58692e-06	9.53551e-07	2.99024e-07	7.77899e-08	1.63172e-08	2.67206e-09	3.58046e-10	
31311	0.00492134	0.0341354	0.204951	0.456738	0.203449	0.0543615	0.0186106	0.00878295	0.00501317	0.00310408	0.00197778	0.00128097	0.000847302	0.000575212	0.000399762	0.000281552	0.000198197	0.000137498	9.28103e-05	6.02808e-05	3.73071e-05	2.17979e-05	1.19085e-05	6.01675e-06	2.77492e-06	1.1498e-06	4.19899e-07	1.32118e-07	3.48819e-08	7.49599e-09	1.266e-09	1.76322e-10	
41311	9.58284e-05	0.0109984	0.171865	0.425717	0.176284	0.0505423	0.0290151	0.0205658	0.015965	0.0133139	0.0116209	0.0104784	0.00967459	0.00903165	0.00839846	0.00767515	0.006821	0.00584649	0.00479996	0.00375198	0.00277728	0.00193669	0.00126483	0.000767513	0.000427797	0.000215564	9.62107e-05	3.71149e-05	1.20322e-05	3.17536e-06	6.57948e-07	1.1513e-07	
51311	0.00134448	0.0511654	0.253867	0.472615	0.178888	0.0293744	0.00663625	0.00252711	0.00128445	0.000764253	0.000491328	0.000327909	0.000223375	0.000154186	0.000107463	7.53458e-05	5.2793e-05	3.66119e-05	2.48496e-05	1.63211e-05	1.02603e-05	6.10674e-06	3.40157e-06	1.75071e-06	8.20559e-07	3.44455e-07	1.27039e-07	4.026e-08	1.06847e-08	2.30492e-09	3.90422e-10	5.45165e-11	
61311	5.2947e-05	0.00226511	0.05463	0.293183	0.303674	0.183835	0.0787931	0.0340182	0.017184	0.00987375	0.00642971	0.00458636	0.00340341	0.00252867	0.00184297	0.00130523	0.000894785	0.000592941	0.000379386	0.000233849	0.000138285	7.79566e-05	4.15223e-05	2.0643e-05	9.43072e-06	3.88567e-06	1.41343e-06	4.43219e-07	1.16646e-07	2.49922e-08	4.2096e-09	5.84738e-10	
71311	8.66313e-06	0.000586466	0.0147814	0.13682	0.247051	0.220901	0.126849	0.0660679	0.0390962	0.0281742	0.0234557	0.0207105	0.018326	0.0157583	0.0129232	0.00997563	0.00718255	0.00479987	0.00297615	0.00172011	0.000934497	0.000481344	0.000235911	0.000109438	4.73767e-05	1.87521e-05	6.62373e-06	2.0328e-06	5.26433e-07	1.11397e-07	1.85787e-08	2.55777e-09	
81311	0.000209415	0.00286519	0.0132509	0.0590945	0.152579	0.205978	0.188197	0.138233	0.0877957	0.0518521	0.0305547	0.0188871	0.0125763	0.00907024	0.006967	0.00553773	0.00443576	0.00351225	0.00271147	0.00201855	0.00143444	0.000962997	0.000603884	0.000349264	0.000183626	8.63116e-05	3.55802e-05	1.25802e-05	3.718e-06	8.9143e-07	1.6748e-07	2.62172e-08	
91311	4.15935e-05	0.000800839	0.00469179	0.0180906	0.0510623	0.106997	0.166408	0.192917	0.169672	0.118195	0.0706231	0.0401004	0.0233633	0.0142105	0.00884644	0.00551927	0.00341522	0.00209042	0.00126502	0.000754524	0.000440023	0.000247712	0.00013249	6.61703e-05	3.03101e-05	1.24954e-05	4.54165e-06	1.42219e-06	3.73728e-07	7.99601e-08	1.3451e-08	1.8661e-09	
101311	4.54262e-05	0.00154406	0.0105591	0.0392465	0.0935824	0.152659	0.178222	0.156934	0.112506	0.0731162	0.0477408	0.0327725	0.0235724	0.0175474	0.0134476	0.0105938	0.00853793	0.00696234	0.00565821	0.00451112	0.00347779	0.00255857	0.00177301	0.00114138	0.000672136	0.000355767	0.000165884	6.65723e-05	2.23865e-05	6.11539e-06	1.30932e-06	2.37148e-07	
111311	0.000232341	0.00944848	0.0644424	0.176157	0.256486	0.221981	0.127732	0.0629051	0.0333442	0.01892	0.010933	0.00645373	0.00394317	0.00248871	0.00160474	0.00104777	0.000688925	0.000453202	0.000295291	0.000188153	0.000115665	6.76927e-05	3.7219e-05	1.89598e-05	8.81321e-06	3.67472e-06	1.34776e-06	4.25147e-07	1.12396e-07	2.41673e-08	4.08235e-09	5.68554e-10	
121311	4.77647e-06	0.000468201	0.00547859	0.0318369	0.0928226	0.14769	0.158046	0.137005	0.106414	0.0799078	0.0613731	0.0478494	0.0367914	0.0277226	0.0206394	0.0152281	0.0110286	0.00770738	0.00511183	0.00317878	0.00183994	0.000987899	0.000491381	0.000226083	9.57763e-05	3.69722e-05	1.27786e-05	3.85903e-06	9.88457e-07	2.07622e-07	3.4447e-08	4.72183e-09	
131311	0.000488003	0.00527283	0.0224188	0.06581	0.14073	0.218348	0.226218	0.153982	0.0789409	0.0376098	0.0193781	0.0112131	0.00701988	0.00453361	0.00293923	0.00189605	0.00121688	0.000777783	0.000493542	0.000308093	0.000186676	0.000108156	5.90365e-05	2.991e-05	1.38445e-05	5.75324e-06	2.1044e-06	6.62368e-07	1.74791e-07	3.75269e-08	6.33105e-09	8.80688e-10	
141311	3.1901e-05	0.000668395	0.00404646	0.0157217	0.047413	0.106968	0.160492	0.162964	0.126154	0.0846194	0.055823	0.039798	0.0314892	0.0269748	0.024106	0.0218184	0.0195963	0.0172202	0.0146557	0.0119837	0.00934413	0.00689224	0.00476385	0.00305039	0.00178434	0.00093751	0.000433634	0.000172478	5.74202e-05	1.55113e-05	3.28119e-06	5.86005e-07	
151311	3.05258e-06	9.85311e-05	0.000723277	0.00292721	0.00851972	0.019911	0.0386058	0.061695	0.0815146	0.0920719	0.0941661	0.0928375	0.0910923	0.0877782	0.0807828	0.0698572	0.0565411	0.0428998	0.0305674	0.0204298	0.0127381	0.00734062	0.00386439	0.00183577	0.000777906	0.000290991	9.51184e-05	2.68442e-05	6.4313e-06	1.27622e-06	2.02776e-07	2.68716e-08	
161311	7.69531e-07	1.02158e-05	4.63767e-05	0.000157175	0.000466557	0.0012811	0.00330973	0.00798912	0.0176173	0.0345701	0.0591819	0.08766	0.112708	0.127198	0.127611	0.114941	0.0939325	0.0708629	0.0504507	0.0344867	0.0227573	0.0144318	0.00871648	0.0049544	0.00260816	0.00124673	0.000529255	0.000194852	6.063e-05	1.54836e-05	3.13529e-06	5.41265e-07	
171311	3.18908e-05	0.000341194	0.00116062	0.00277677	0.00556415	0.00999869	0.0166711	0.0262823	0.0395618	0.0569907	0.0781899	0.101001	0.120789	0.131091	0.126445	0.106309	0.0768379	0.0477829	0.0262377	0.0133522	0.00659781	0.00322751	0.00154995	0.0007155	0.000309885	0.000122788	4.33775e-05	1.33007e-05	3.43936e-06	7.26495e-07	1.20924e-07	1.66057e-08	
181311	5.72537e-06	0.000188028	0.00110697	0.00329219	0.00650676	0.0098755	0.0128698	0.0166269	0.0238988	0.0365724	0.0539568	0.0732203	0.0907377	0.103459	0.109326	0.10717	0.0972151	0.081463	0.0630052	0.0448954	0.0293813	0.0175932	0.00959734	0.00473983	0.00209749	0.000819039	0.000276889	7.94098e-05	1.89349e-05	3.67587e-06	5.66499e-07	7.26022e-08	
191311	0.000182704	0.0019829	0.00736391	0.0206936	0.0494099	0.0957961	0.144238	0.170235	0.162136	0.128059	0.0871307	0.0536358	0.0312904	0.0180555	0.0107011	0.00665048	0.00432461	0.00289273	0.00194912	0.00129768	0.000839754	0.000520654	0.000305074	0.000166497	8.32595e-05	3.74412e-05	1.48206e-05	5.03987e-06	1.43212e-06	3.29437e-07	5.91526e-08	8.73576e-09	
201311	4.6067e-07	8.92242e-06	5.14451e-05	0.000205513	0.000703853	0.00222468	0.00643786	0.016423	0.0357762	0.0651855	0.0984695	0.124622	0.135386	0.129248	0.110603	0.0867714	0.0639863	0.0452012	0.0307898	0.0201469	0.0125651	0.00740715	0.00409007	0.00209243	0.000978113	0.0004105	0.00015135	4.7773e-05	1.25343e-05	2.64546e-06	4.33183e-07	5.73995e-08	
211311	2.09823e-06	4.0089e-05	0.000214538	0.000797773	0.00236231	0.00563903	0.0112108	0.0194904	0.0306804	0.0442282	0.058775	0.0731079	0.0861715	0.0963637	0.101832	0.101279	0.0944297	0.0821544	0.0663263	0.0493808	0.0336591	0.0208182	0.0115582	0.00569298	0.00245927	0.000922248	0.000297715	8.21416e-05	1.91919e-05	3.73022e-06	5.84466e-07	7.6718e-08	
221311	0.00133939	0.185682	0.476174	0.199218	0.0622585	0.0323406	0.0185078	0.00979196	0.00515652	0.0030534	0.0020266	0.00140038	0.000967507	0.000663973	0.000455446	0.000314416	0.000218691	0.000152257	0.000104822	7.03207e-05	4.52832e-05	2.75809e-05	1.56576e-05	8.16075e-06	3.84278e-06	1.6065e-06	5.8488e-07	1.81504e-07	4.68687e-08	9.79831e-09	1.60666e-09	2.16753e-10	
231311	0.000850517	0.216709	0.537551	0.196476	0.0310872	0.00636335	0.00276811	0.00179041	0.00131267	0.00102131	0.000826154	0.000684028	0.000571885	0.000477447	0.000394198	0.000318895	0.000250443	0.000189197	0.000136255	9.27225e-05	5.91002e-05	3.49681e-05	1.90267e-05	9.42464e-06	4.20248e-06	1.66552e-06	5.7805e-07	1.72619e-07	4.34042e-08	8.94548e-09	1.46141e-09	1.97991e-10	
241311	0.00150761	0.220433	0.531902	0.197686	0.0362035	0.00809204	0.00229476	0.000811543	0.000376484	0.000214797	0.000138358	9.57152e-05	6.89812e-05	5.06893e-05	3.7417e-05	2.7458e-05	1.98691e-05	1.40725e-05	9.68173e-06	6.41772e-06	4.06213e-06	2.43081e-06	1.35998e-06	7.02492e-07	3.30244e-07	1.38973e-07	5.13608e-08	1.63048e-08	4.33346e-09	9.35961e-10	1.58703e-10	2.21824e-11	
251311	1.24026e-06	2.55335e-05	0.000198399	0.000800811	0.00239704	0.00656461	0.0156017	0.0317932	0.0553941	0.0825384	0.105899	0.118939	0.1199	0.111341	0.0967306	0.0786951	0.0596833	0.0423318	0.0284563	0.0183434	0.011313	0.00657622	0.00353818	0.00173431	0.000764103	0.000298594	0.000101934	2.98367e-05	7.3179e-06	1.46308e-06	2.3089e-07	3.00505e-08	
261311	0.00863933	0.0607657	0.127598	0.175797	0.187152	0.162767	0.118561	0.0737702	0.0403698	0.0204297	0.01026	0.00544641	0.00312342	0.00190774	0.00121362	0.000790166	0.00051955	0.000341021	0.000221026	0.000139917	8.55143e-05	4.98336e-05	2.73207e-05	1.389e-05	6.4473e-06	2.68525e-06	9.83981e-07	3.10172e-07	8.19524e-08	1.76132e-08	2.97412e-09	4.14071e-10	
271311	2.38886e-06	4.4216e-05	0.000234664	0.000821637	0.00229533	0.00550753	0.011741	0.0225781	0.0393536	0.0621164	0.0885096	0.113482	0.13049	0.133903	0.121771	0.097656	0.0693403	0.0443156	0.0261351	0.0145672	0.0077783	0.00397698	0.00192794	0.00087532	0.000367694	0.000140917	4.83648e-05	1.45096e-05	3.69442e-06	7.71942e-07	1.27489e-07	1.73981e-08	
281311	0.000361414	0.00487338	0.0183884	0.0444319	0.0830685	0.127499	0.161209	0.164937	0.135263	0.0913547	0.0548696	0.0325409	0.0206071	0.0141957	0.0104694	0.00812	0.00652469	0.00534035	0.0043689	0.00350902	0.0027243	0.00201621	0.0014032	0.000905268	0.000532899	0.000281202	0.00013036	5.1881e-05	1.72624e-05	4.65756e-06	9.83692e-07	1.75338e-07	
291311	4.31847e-05	0.00052634	0.00211949	0.00592428	0.0133236	0.0254912	0.0425603	0.0623104	0.0794424	0.0884355	0.0887795	0.0853576	0.0827096	0.0812636	0.078628	0.0722797	0.061443	0.047627	0.0335918	0.0216783	0.0128986	0.00710891	0.00362501	0.00169882	0.000724422	0.000277901	9.46153e-05	2.80705e-05	7.07712e-06	1.46858e-06	2.41525e-07	3.28735e-08	
301311	0.00010857	0.00254004	0.0137949	0.0469335	0.112315	0.184718	0.207817	0.167483	0.107044	0.0618677	0.0359146	0.0218347	0.0138141	0.00889437	0.00571119	0.00361541	0.00225066	0.00138118	0.000837449	0.00050068	0.00029281	0.000165315	8.86514e-05	4.43737e-05	2.03627e-05	8.40701e-06	3.05943e-06	9.59031e-07	2.52237e-07	5.40067e-08	9.09085e-09	1.26196e-09	
311311	6.93707e-06	0.000109926	0.000516322	0.00162863	0.00415489	0.00923258	0.0185151	0.0339823	0.0570005	0.0863613	0.116306	0.137233	0.140676	0.12535	0.0981659	0.068889	0.0442488	0.0264567	0.0149203	0.00804324	0.00419564	0.00212888	0.00104529	0.000489514	0.000214175	8.54834e-05	3.03498e-05	9.33645e-06	2.41947e-06	5.11879e-07	8.53254e-08	1.17386e-08	
321311	5.11916e-07	1.2656e-05	7.09826e-05	0.000246875	0.000678003	0.00163158	0.00363923	0.00772	0.0155507	0.0291251	0.0493318	0.0738362	0.0966082	0.111092	0.114447	0.10834	0.0964966	0.0821839	0.067158	0.0520814	0.0375762	0.0246966	0.0145243	0.00754055	0.00342387	0.0013513	0.000460815	0.000134374	3.28666e-05	6.54903e-06	1.02458e-06	1.30492e-07	
331311	1.66439e-06	2.14399e-05	8.97773e-05	0.000273988	0.000719632	0.00170333	0.00371852	0.00766991	0.015155	0.0284402	0.0493669	0.0768567	0.104773	0.123732	0.12723	0.116187	0.0970388	0.0763348	0.0575984	0.0417917	0.0289249	0.0188828	0.0114895	0.00642881	0.0032565	0.00146798	0.000578652	0.000195886	5.58103e-05	1.30583e-05	2.43279e-06	3.85493e-07	
341311	0.00101193	0.0091361	0.0254311	0.0480668	0.073136	0.0955501	0.110646	0.115813	0.11126	0.0994737	0.083817	0.0672173	0.0515723	0.0378481	0.0264623	0.0175548	0.0110441	0.00662147	0.00381855	0.00213939	0.00117075	0.000623785	0.000319754	0.000154897	6.94598e-05	2.82096e-05	1.01418e-05	3.14954e-06	8.22246e-07	1.74996e-07	2.93115e-08	4.05034e-09	
351311	2.39124e-05	0.00116698	0.00687149	0.0193017	0.0360649	0.0515158	0.0615966	0.0674557	0.07385	0.0838802	0.0957081	0.103985	0.10361	0.092781	0.0739764	0.052494	0.0334775	0.0195948	0.0108287	0.00579598	0.0030438	0.00156614	0.000780229	0.00036963	0.000163013	6.54069e-05	2.33079e-05	7.19049e-06	1.86759e-06	3.95852e-07	6.60852e-08	9.10433e-09	
361311	2.34904e-06	2.83038e-05	0.000112938	0.000328314	0.000818073	0.00184004	0.00378951	0.00714139	0.0122795	0.0193199	0.0281272	0.0385537	0.0506287	0.0643709	0.0791648	0.0931122	0.103158	0.106359	0.101382	0.089001	0.0716468	0.0526054	0.0350339	0.0210408	0.0113172	0.00540529	0.00226907	0.000826127	0.000255925	6.56151e-05	1.3415e-05	2.34406e-06	
371311	0.000705691	0.00640491	0.0180688	0.0350568	0.0557446	0.0777475	0.0980618	0.113202	0.11982	0.116028	0.10264	0.0830945	0.061896	0.0427813	0.0277477	0.0171178	0.0101897	0.00593564	0.00342485	0.00196891	0.00112168	0.000623281	0.000330997	0.00016463	7.52265e-05	3.0971e-05	1.12502e-05	3.52219e-06	9.254e-07	1.97899e-07	3.32571e-08	4.60455e-09	
381311	3.56451e-05	0.00038332	0.00131888	0.00321136	0.00658608	0.0121677	0.0209033	0.0338753	0.0519017	0.0746171	0.0992409	0.120142	0.130578	0.126291	0.108267	0.0822835	0.0556908	0.0339259	0.0189505	0.0099518	0.00503573	0.00249164	0.0012038	0.000558798	0.000243256	9.67399e-05	3.42447e-05	1.05091e-05	2.718e-06	5.74123e-07	9.55762e-08	1.3133e-08	
391311	1.18438e-05	0.000135102	0.000500098	0.00132417	0.00296799	0.00598133	0.0111167	0.0192516	0.0311182	0.0467513	0.0647956	0.0822497	0.09531	0.10114	0.0992735	0.0914597	0.0802696	0.0678223	0.0554413	0.0438905	0.0335836	0.0246684	0.0171684	0.0111253	0.00658639	0.00349344	0.00162588	0.000648797	0.000216213	5.83765e-05	1.23297e-05	2.19651e-06	
401311	0.000120401	0.00151906	0.00568854	0.0142287	0.0285064	0.0488759	0.0734677	0.0973099	0.113504	0.117095	0.108621	0.0932518	0.0764897	0.0612185	0.0479845	0.0365311	0.0267229	0.0186451	0.0123746	0.00781467	0.00469575	0.00267529	0.00143258	0.000711286	0.000321806	0.000130032	4.5907e-05	1.38331e-05	3.46957e-06	7.04711e-07	1.12363e-07	1.47241e-08	
411311	2.92573e-07	6.47669e-06	4.38766e-05	0.000198862	0.000701958	0.00204815	0.00510503	0.0110949	0.0212961	0.0363752	0.0555092	0.0758379	0.0930251	0.103177	0.104931	0.0998028	0.0905199	0.0791474	0.0665531	0.0531242	0.0396092	0.0272016	0.017013	0.00958951	0.0048144	0.0021222	0.000806885	0.000258892	6.82614e-05	1.43334e-05	2.31264e-06	2.98257e-07	
421311	9.70472e-07	1.41014e-05	7.62709e-05	0.000311488	0.00100087	0.00253375	0.00521256	0.00917103	0.0146256	0.0221926	0.032808	0.0471536	0.0648352	0.08377	0.100393	0.110847	0.112509	0.104988	0.0901417	0.07122	0.0516821	0.0342796	0.0206125	0.0111059	0.00528193	0.00217887	0.000765087	0.000224427	5.39843e-05	1.04376e-05	1.58211e-06	1.96117e-07	
431311	2.28117e-05	0.00034459	0.00166817	0.00551932	0.0142004	0.0297508	0.0523318	0.0791991	0.105014	0.123329	0.128889	0.120216	0.100784	0.0770643	0.0548489	0.0371341	0.024426	0.0159295	0.0104632	0.00695411	0.00463405	0.00303983	0.00192177	0.00114686	0.00063321	0.000316913	0.000140659	5.40324e-05	1.74757e-05	4.61134e-06	9.57473e-07	1.68299e-07	
441311	0.000209086	0.0021935	0.00743286	0.0175513	0.0335179	0.0543081	0.0762933	0.0944214	0.104773	0.106484	0.101388	0.0919905	0.079976	0.0663586	0.0522286	0.0388773	0.0273804	0.0182721	0.0115575	0.00691937	0.00391271	0.00208519	0.0010441	0.000488453	0.000211387	8.33413e-05	2.93167e-05	8.9695e-06	2.31814e-06	4.89884e-07	8.16239e-08	1.12277e-08	
451311	0.000141907	0.00146102	0.005202	0.0131199	0.0257824	0.0406521	0.0530288	0.0597917	0.061675	0.0615078	0.0613094	0.0615389	0.0619408	0.0621713	0.0618747	0.0606608	0.0581683	0.0541655	0.0486297	0.0417846	0.0340878	0.0261664	0.0187048	0.0123028	0.00734193	0.00391085	0.00182437	0.000728942	0.000243104	6.56688e-05	1.38748e-05	2.47258e-06	
461311	0.00162043	0.0120287	0.0274105	0.0423784	0.0527539	0.0566207	0.0549859	0.0511779	0.0488214	0.049663	0.0529985	0.0568585	0.0594963	0.0600823	0.0586228	0.0555533	0.0513549	0.0463491	0.0406898	0.034482	0.0279213	0.021357	0.015244	0.010021	0.0059792	0.00318492	0.0014858	0.000593716	0.000198027	5.34993e-05	1.13053e-05	2.01509e-06	
471311	1.01469e-07	1.69038e-06	9.69531e-06	3.98459e-05	0.00013525	0.000400068	0.00106018	0.0025584	0.0056792	0.0116683	0.0222476	0.0392806	0.0636328	0.0930161	0.12032	0.135806	0.133493	0.115559	0.0899067	0.0642682	0.0428602	0.026797	0.0156599	0.00848154	0.00419839	0.001864	0.000726412	0.00024287	6.79932e-05	1.55082e-05	2.78938e-06	4.19306e-07	
481311	3.58509e-05	0.00048854	0.00195026	0.00515514	0.0108516	0.0195642	0.0313134	0.0453948	0.0603099	0.073895	0.0837167	0.0879012	0.0861814	0.0801744	0.0723245	0.0644661	0.0572294	0.0503889	0.0435101	0.0363823	0.0291191	0.0220619	0.015638	0.010234	0.00609066	0.00323996	0.00151048	0.000603367	0.000201202	5.43476e-05	1.14827e-05	2.04635e-06	
491311	1.51749e-06	2.03403e-05	8.92418e-05	0.000287834	0.000821194	0.00219639	0.00550426	0.0125855	0.0254882	0.0448101	0.0680404	0.0900502	0.105618	0.1116	0.107844	0.096918	0.0824727	0.0674024	0.0532619	0.0407105	0.0300085	0.0212133	0.0142471	0.00896396	0.00518892	0.00270636	0.00124306	0.000490471	0.000161767	4.3252e-05	9.05279e-06	1.59872e-06	
501311	1.04534e-06	3.08252e-05	0.00018083	0.000636685	0.00171466	0.00385796	0.00753748	0.0130357	0.0202036	0.0283978	0.0367541	0.0446619	0.0520542	0.0592674	0.0666481	0.0742395	0.081587	0.0875334	0.0901869	0.0874551	0.0781792	0.063228	0.0455603	0.028906	0.0159904	0.00763279	0.00310065	0.00105181	0.00029081	6.36615e-05	1.06725e-05	1.43323e-06	
511311	8.73099e-05	0.00218729	0.00997426	0.0260074	0.0496932	0.0759055	0.0959755	0.102733	0.0963399	0.0837275	0.0719784	0.0637435	0.058085	0.0532289	0.0480236	0.0420368	0.0352993	0.0281463	0.0211098	0.0147674	0.00956533	0.00569865	0.00310084	0.00152777	0.000673745	0.000262059	8.83846e-05	2.53869e-05	6.09508e-06	1.19754e-06	1.87363e-07	2.44227e-08	
521311	3.74619e-06	7.56746e-05	0.000404273	0.00137228	0.00358979	0.007745	0.0141774	0.0224693	0.0316071	0.0406677	0.0493536	0.0578806	0.0663876	0.0744779	0.0812026	0.0853623	0.0859124	0.0823147	0.0747406	0.0640686	0.0516667	0.0390345	0.0274616	0.0178249	0.0105362	0.00557745	0.00259194	0.00103336	0.000344217	9.29279e-05	1.96298e-05	3.4981e-06	
531311	0.00012966	0.00166857	0.00602336	0.013977	0.0252621	0.0385203	0.0518376	0.0635963	0.0730552	0.0801989	0.0850277	0.087011	0.085253	0.0792352	0.0695191	0.0578001	0.0461728	0.03614	0.0281431	0.0218411	0.0166879	0.0123162	0.00860849	0.00559372	0.00331857	0.0017639	0.000822774	0.000329046	0.000109869	2.97095e-05	6.28151e-06	1.11971e-06	
541311	7.27538e-06	8.08562e-05	0.000286832	0.000718481	0.0015129	0.00286566	0.00504752	0.00841932	0.0134333	0.020597	0.0303619	0.0429017	0.0577915	0.0737077	0.0883929	0.0991126	0.103553	0.100723	0.0913234	0.0773815	0.0614196	0.0456668	0.0316752	0.0203161	0.0118949	0.00625342	0.0028935	0.00115085	0.000382881	0.000103287	2.18029e-05	3.88203e-06	
551311	0.000596298	0.00552951	0.015945	0.0315334	0.0507695	0.0710432	0.0892014	0.102343	0.108536	0.107175	0.0989589	0.0856167	0.0695125	0.0531202	0.0384249	0.0265147	0.0175902	0.011287	0.00702497	0.00423278	0.00245026	0.00134649	0.000692936	0.00032955	0.000143006	5.58688e-05	1.93405e-05	5.81472e-06	1.4802e-06	3.09279e-07	5.11342e-08	6.99425e-09	
561311	0.000148409	0.00164388	0.00581487	0.0143065	0.0287008	0.0495499	0.07521	0.101208	0.121029	0.128649	0.121719	0.10311	0.0792706	0.0565803	0.0386033	0.0258713	0.0173033	0.0115679	0.00766931	0.0049835	0.00313344	0.00188068	0.00106164	0.000554429	0.000263019	0.000111087	4.08618e-05	1.27785e-05	3.30829e-06	6.88434e-07	1.11401e-07	1.46541e-08	
571311	1.16372e-07	3.79635e-06	2.63721e-05	0.000113982	0.000386328	0.00111845	0.00286756	0.00659106	0.0135951	0.0251282	0.0416264	0.0619053	0.0827895	0.0997502	0.108726	0.108171	0.0996698	0.0865826	0.0720384	0.0578713	0.0447919	0.0330455	0.0228753	0.0145976	0.00843211	0.00432644	0.00193197	0.000733873	0.000231082	5.85835e-05	1.15718e-05	1.91151e-06	
581311	0.000820119	0.00707682	0.0189931	0.0350793	0.0529968	0.0698969	0.0830913	0.0909567	0.0934487	0.0916418	0.0866786	0.079222	0.0697692	0.0590726	0.0480552	0.0374725	0.0278039	0.0194029	0.0125945	0.00756526	0.00421888	0.0022038	0.00108638	0.000504821	0.000218567	8.64795e-05	3.05338e-05	9.36736e-06	2.42518e-06	5.13078e-07	8.55587e-08	1.1778e-08	
591311	9.81111e-06	0.000240953	0.00123389	0.00378483	0.00885435	0.017346	0.0297392	0.0456418	0.0634712	0.0805669	0.0939024	0.101137	0.101412	0.0954361	0.084956	0.0720187	0.058425	0.0454785	0.03396	0.0242261	0.0163639	0.0103272	0.00599125	0.00314	0.00146071	0.000592574	0.000205888	6.01294e-05	1.44678e-05	2.80463e-06	4.26679e-07	5.32714e-08	
601311	7.46105e-06	8.29878e-05	0.000297107	0.000758388	0.0016443	0.00323961	0.00598805	0.0105491	0.0178301	0.0289262	0.0448483	0.0659027	0.0906843	0.115053	0.132171	0.134929	0.120443	0.0930925	0.0622977	0.0364688	0.0190152	0.00903132	0.00400195	0.00168571	0.000676701	0.000254367	8.68548e-05	2.60456e-05	6.63224e-06	1.38546e-06	2.28737e-07	3.12064e-08	
611311	4.48962e-05	0.000455633	0.0014808	0.00343645	0.0068464	0.012519	0.0212107	0.0327382	0.0455755	0.0578164	0.0681428	0.0757198	0.0801305	0.0816478	0.0809769	0.0785515	0.0741986	0.0675176	0.0585381	0.0479957	0.0370492	0.0268027	0.0180299	0.0111439	0.00623639	0.00311031	0.00135946	0.000511141	0.000161723	4.1904e-05	8.59487e-06	1.50075e-06	
621311	6.41834e-05	0.000654035	0.00210948	0.00476245	0.00895863	0.0150216	0.0231732	0.0333515	0.0449756	0.0568753	0.0675208	0.075491	0.0800122	0.0812075	0.0797761	0.0763579	0.071192	0.0643105	0.0559234	0.0465663	0.0369552	0.0277756	0.0195812	0.012778	0.00759594	0.00403943	0.0018832	0.000752314	0.000250893	6.77746e-05	1.43204e-05	2.55216e-06	
631311	4.35496e-05	0.000504115	0.00186192	0.00485449	0.0105986	0.0205731	0.0362912	0.0584619	0.0856904	0.113338	0.133787	0.13927	0.126607	0.100198	0.0695967	0.0433506	0.0250069	0.0138336	0.00754131	0.00410083	0.00221703	0.00117565	0.000600569	0.000289798	0.000129415	5.23551e-05	1.87586e-05	5.80863e-06	1.51273e-06	3.2128e-07	5.3719e-08	7.41068e-09	
641311	4.96544e-07	1.49926e-05	0.000104949	0.000437453	0.00137084	0.00355368	0.00798158	0.015886	0.0282998	0.0453274	0.0655592	0.0861825	0.103681	0.114563	0.116244	0.108231	0.0926036	0.0730401	0.0532425	0.0358936	0.0223617	0.0128611	0.00682366	0.00333424	0.00149236	0.000604376	0.000216931	6.71211e-05	1.73357e-05	3.60979e-06	5.83939e-07	7.64311e-08	
651311	0.000254044	0.00308507	0.0111025	0.0262821	0.0485997	0.0747336	0.0983448	0.11273	0.114465	0.10507	0.0893224	0.0721259	0.056607	0.0440007	0.0343162	0.0269887	0.0213366	0.016815	0.0130832	0.00996067	0.00735735	0.00522264	0.00352112	0.00222183	0.00128935	0.000674532	0.000311163	0.000123503	4.10357e-05	1.10644e-05	2.33628e-06	4.16434e-07	
661311	1.55181e-06	6.51777e-05	0.000491818	0.00203667	0.00600336	0.0139473	0.0268244	0.0438907	0.0622688	0.078041	0.0884226	0.0931138	0.0935298	0.0909758	0.0857344	0.0775559	0.0666115	0.0539275	0.0410411	0.0293438	0.0196805	0.012331	0.00716986	0.00383575	0.00186905	0.00081967	0.000318843	0.000108023	3.11523e-05	7.43185e-06	1.41649e-06	2.30316e-07	
671311	1.04262e-08	1.17539e-06	1.97039e-05	0.000146003	0.000658264	0.00207106	0.00491804	0.00937031	0.0151906	0.0221749	0.0305101	0.0405829	0.0524408	0.0653879	0.0780115	0.0885809	0.0955131	0.0976534	0.0943675	0.0856322	0.0722459	0.0559827	0.0393311	0.0247336	0.0137438	0.00665472	0.00276228	0.000963729	0.000276023	6.31218e-05	1.11551e-05	1.60572e-06	
681311	6.88186e-05	0.000705774	0.00229489	0.0052243	0.00984779	0.0163407	0.0246247	0.0343742	0.0450043	0.0556543	0.0652747	0.0728481	0.0776567	0.0794582	0.0784754	0.0752061	0.0701714	0.0637512	0.0561854	0.0477009	0.0386509	0.0295695	0.0211065	0.0138743	0.00827776	0.0044088	0.00205648	0.000821618	0.000273989	7.40048e-05	1.56345e-05	2.78584e-06	
691311	0.000126757	0.00190068	0.00892615	0.0236516	0.0422875	0.0573815	0.0647965	0.06592	0.064418	0.0629763	0.0624976	0.0626654	0.0626819	0.0618063	0.059626	0.0560777	0.0513178	0.0455788	0.0391111	0.0322099	0.025251	0.0186711	0.0128894	0.00821173	0.00476395	0.00247757	0.00113388	0.000446718	0.000147604	3.96665e-05	8.36466e-06	1.49143e-06	
701311	2.66321e-05	0.000285852	0.000978139	0.00236093	0.004783	0.00869011	0.0146024	0.0230283	0.0342544	0.0479832	0.06301	0.0773349	0.0888333	0.0959975	0.0981418	0.0951194	0.087133	0.0749364	0.0600843	0.0447406	0.0309892	0.020107	0.0123219	0.00714232	0.00387335	0.00192326	0.000851537	0.000326981	0.000105755	2.78983e-05	5.78814e-06	1.0158e-06	
711311	0.000144145	0.00160559	0.00558778	0.0127541	0.0224819	0.0330517	0.0428435	0.0514178	0.059326	0.0670011	0.0741379	0.0798814	0.0831764	0.0830632	0.0790364	0.071354	0.0610521	0.0496031	0.0384274	0.0285288	0.0203786	0.0140088	0.00920948	0.00571218	0.00327968	0.00170498	0.000783666	0.00031046	0.000103092	2.78083e-05	5.87929e-06	1.05035e-06	
721311	4.28104e-06	8.22018e-05	0.000481752	0.00198532	0.00655898	0.0174215	0.0370541	0.0641248	0.0929277	0.115943	0.12696	0.123622	0.108504	0.087386	0.0659932	0.0478323	0.0339702	0.0239287	0.0167043	0.0114101	0.00748201	0.00461723	0.00263267	0.00136344	0.000630523	0.000255767	8.9298e-05	2.63068e-05	6.40528e-06	1.26069e-06	1.95481e-07	2.50443e-08	
731311	9.99619e-07	2.01613e-05	0.000114159	0.000418089	0.00119921	0.00290178	0.00614375	0.0116306	0.019976	0.031447	0.045698	0.0616351	0.0775445	0.0914437	0.101425	0.105845	0.103534	0.0942753	0.0792984	0.0612292	0.0432693	0.0280019	0.0166143	0.00900484	0.00440601	0.00190926	0.000715414	0.000225694	5.82458e-05	1.19249e-05	1.87389e-06	2.35174e-07	
741311	5.75194e-05	0.000720307	0.00293557	0.0081327	0.0178047	0.0326847	0.0518676	0.0725905	0.0913169	0.105381	0.113287	0.113667	0.105332	0.0890511	0.0684181	0.0481617	0.0316265	0.0197867	0.0119802	0.00705113	0.00400708	0.00216947	0.00110235	0.000518458	0.000222867	8.64276e-05	2.97649e-05	8.92035e-06	2.26675e-06	4.73137e-07	7.81619e-08	1.06811e-08	
751311	0.000132284	0.0013835	0.00452194	0.0101805	0.0187315	0.030048	0.0433113	0.0569372	0.0687334	0.0764632	0.0788343	0.0763633	0.0712022	0.0657553	0.0612675	0.0575884	0.0539094	0.0495037	0.044032	0.0375562	0.030446	0.0232489	0.0165531	0.0108574	0.00646778	0.00344132	0.00160413	0.000640588	0.000213535	5.76545e-05	1.21757e-05	2.16857e-06	
761311	6.26494e-05	0.00093188	0.00444527	0.0146495	0.0370604	0.0733247	0.114593	0.143434	0.147549	0.130096	0.103186	0.0763741	0.0537842	0.0364256	0.0239438	0.0153915	0.00972033	0.00604796	0.00371528	0.002255	0.0013481	0.000786737	0.000441793	0.000234542	0.000115499	5.17178e-05	2.06128e-05	7.1418e-06	2.09432e-06	5.04157e-07	9.61822e-08	1.55228e-08	
771311	0.000517622	0.00473173	0.0133642	0.0255717	0.0393177	0.052112	0.0620672	0.0684612	0.0715005	0.0717666	0.0699257	0.0667393	0.0630464	0.0595506	0.0565372	0.053717	0.0503275	0.0455197	0.0388889	0.0308181	0.0223691	0.0147824	0.0089099	0.00493775	0.00253338	0.00119839	0.00051301	0.000193123	6.18509e-05	1.62647e-05	3.37931e-06	5.96562e-07	
781311	9.74756e-07	1.74823e-05	8.84708e-05	0.000295193	0.000791671	0.00184793	0.0039011	0.00758438	0.0136642	0.0228087	0.0352122	0.0502608	0.066465	0.0817319	0.0938734	0.101127	0.102467	0.0976932	0.0874464	0.0732031	0.0570604	0.0412315	0.0274785	0.0167756	0.00929311	0.00460966	0.00201051	0.000753022	0.000235288	5.92952e-05	1.15986e-05	1.87102e-06	
791311	3.38547e-05	0.000518829	0.00244902	0.00728003	0.0160269	0.028373	0.0432801	0.060023	0.0771678	0.0915747	0.100085	0.101464	0.0963729	0.0863991	0.073422	0.0593752	0.045983	0.0344101	0.0250955	0.0179083	0.0124661	0.00838481	0.005375	0.00323134	0.00178993	0.000896276	0.000397291	0.000152285	4.9146e-05	1.295e-05	2.68905e-06	4.73958e-07	
801311	4.04152e-06	0.000186197	0.00153242	0.00577791	0.0139842	0.0253666	0.0381843	0.052102	0.0680748	0.0850856	0.0992378	0.106763	0.106319	0.0986169	0.0853622	0.0688642	0.0517807	0.0364175	0.0240556	0.014927	0.00865745	0.00465831	0.00231044	0.0010516	0.000437335	0.000164905	5.55779e-05	1.63802e-05	4.10457e-06	8.46283e-07	1.3835e-07	1.8733e-08	
811311	1.25092e-05	0.000201724	0.000916881	0.00270801	0.00629291	0.0124078	0.0215426	0.0336082	0.0476278	0.0616591	0.0732665	0.0805351	0.0829596	0.0814768	0.0776507	0.072724	0.067206	0.0610473	0.0540365	0.0461149	0.0375231	0.0287873	0.0205833	0.0135445	0.0080862	0.00430858	0.0020103	0.000803338	0.000267943	7.23855e-05	1.52955e-05	2.72614e-06	
821311	2.32157e-05	0.000249199	0.00085205	0.00205534	0.00416873	0.00760056	0.0127971	0.0200237	0.0290907	0.0393441	0.0499919	0.060361	0.0698343	0.0777009	0.0831801	0.0855932	0.0845462	0.0800314	0.0724284	0.062438	0.0509914	0.0391519	0.0279889	0.01841	0.010987	0.00585277	0.00273036	0.00109097	0.000363849	9.82855e-05	2.07661e-05	3.70058e-06	
831311	2.91072e-05	0.000341366	0.00129528	0.00350424	0.00795048	0.0159207	0.0286059	0.0463299	0.0677282	0.0895211	0.107295	0.116987	0.116341	0.105789	0.08833	0.0682407	0.0492959	0.033661	0.0218996	0.0136199	0.00809388	0.00458392	0.00246053	0.00123818	0.000573876	0.000239443	8.767e-05	2.74209e-05	7.11987e-06	1.48757e-06	2.41579e-07	3.18289e-08	
841311	3.04296e-05	0.000501021	0.00228134	0.00669851	0.0153461	0.0293864	0.0484388	0.0698316	0.0891665	0.102122	0.106245	0.101689	0.0907875	0.076849	0.0627604	0.0501862	0.0396273	0.0309359	0.0237773	0.0178583	0.0129834	0.00903869	0.00595253	0.0036575	0.00206396	0.00105048	0.000472332	0.00018323	5.96867e-05	1.58264e-05	3.29576e-06	5.80112e-07	
851311	9.69761e-06	0.000177617	0.000877904	0.00279835	0.00705364	0.0152062	0.0289559	0.0491865	0.0744724	0.100124	0.119294	0.126213	0.119345	0.101947	0.0798796	0.0585404	0.0409822	0.0278644	0.0185125	0.0119626	0.00744161	0.00440709	0.00245784	0.00127578	0.000608013	0.000261847	0.000100003	3.31096e-05	9.24576e-06	2.10778e-06	3.77786e-07	5.61177e-08	
861311	3.46224e-07	5.17152e-06	2.84012e-05	0.000119473	0.000420239	0.001252	0.00319082	0.00705272	0.0137385	0.0239646	0.0379349	0.0550053	0.0734646	0.0906547	0.103547	0.109614	0.10764	0.0981284	0.0831193	0.065493	0.048057	0.0328389	0.0208411	0.0122031	0.00652181	0.00313636	0.0013342	0.000492091	0.000153646	3.94526e-05	8.04261e-06	1.39841e-06	
871311	2.64923e-05	0.000363939	0.00145061	0.00384868	0.00821852	0.0151467	0.0247828	0.0364934	0.0489129	0.0604578	0.0698882	0.0765339	0.0802288	0.0811483	0.0796153	0.0759186	0.0702637	0.0628845	0.0541796	0.0447296	0.0351984	0.0262156	0.0183035	0.011832	0.00697601	0.00368616	0.00171088	0.000681567	0.000226932	6.1247e-05	1.29345e-05	2.30431e-06	
881311	0.000159262	0.00149102	0.00431074	0.00882216	0.0151724	0.0232174	0.0324136	0.0419527	0.0510223	0.0589837	0.0654002	0.0700031	0.072669	0.0734102	0.072348	0.0696582	0.0655071	0.0600165	0.053294	0.0455223	0.0370542	0.028439	0.0203434	0.0133918	0.00799736	0.00426204	0.00198881	0.000794807	0.000265109	7.16217e-05	1.51345e-05	2.69749e-06	
891311	0.00110035	0.00754008	0.0154489	0.0224725	0.0282404	0.0331636	0.0377402	0.0422683	0.0468323	0.0513716	0.0557334	0.0596994	0.0630014	0.0653361	0.0663885	0.0658668	0.0635502	0.059346	0.0533445	0.0458573	0.0374171	0.0287244	0.0205345	0.0135069	0.00806078	0.00429393	0.00200315	0.00080041	0.000266951	7.21135e-05	1.52371e-05	2.71551e-06	
901311	0.00157704	0.00878821	0.0158088	0.0216014	0.0267543	0.0316907	0.0366077	0.0415632	0.0465154	0.0513515	0.0559106	0.0599916	0.0633527	0.0657138	0.0667744	0.066249	0.0639183	0.0596895	0.0536531	0.0461224	0.0376334	0.0288904	0.0206531	0.0135848	0.00810724	0.00431865	0.00201467	0.000805006	0.000268481	7.25259e-05	1.53241e-05	2.73096e-06	
911311	0.00312424	0.0153032	0.0241896	0.0288765	0.0317651	0.0344764	0.0376355	0.0413212	0.0453887	0.0496187	0.0537665	0.0575704	0.060748	0.0629974	0.0640116	0.0635083	0.0612745	0.0572208	0.0514341	0.0442149	0.036077	0.0276957	0.019799	0.0130231	0.00777208	0.00414014	0.00193141	0.000771746	0.000257391	6.95313e-05	1.46916e-05	2.6183e-06	
921311	0.00151669	0.007617	0.0136546	0.0195238	0.0255102	0.0314807	0.0372372	0.0426714	0.0477529	0.0524758	0.0568051	0.0606377	0.0637866	0.0659907	0.0669467	0.0663575	0.0639908	0.0597424	0.0536949	0.0461564	0.0376607	0.0289113	0.020668	0.0135947	0.00811319	0.00432184	0.00201617	0.000805613	0.000268686	7.25822e-05	1.53362e-05	2.73317e-06	
931311	0.000620566	0.00516496	0.0124821	0.0202471	0.0271367	0.0329571	0.0380555	0.0428141	0.0474489	0.0519971	0.0563573	0.0603294	0.063645	0.065994	0.0670534	0.0665253	0.0641853	0.059939	0.0538776	0.0463155	0.037791	0.0290114	0.0207396	0.0136418	0.00814129	0.00433681	0.00202315	0.0008084	0.000269614	7.28328e-05	1.53891e-05	2.74258e-06	
941311	0.000306868	0.00336124	0.00977576	0.0183858	0.0277015	0.0365028	0.0440362	0.0500464	0.0546693	0.0582253	0.0610106	0.0631721	0.064679	0.0653646	0.0649979	0.0633523	0.0602606	0.055659	0.049628	0.0424254	0.0344937	0.026425	0.0188698	0.0124053	0.00740163	0.0039424	0.00183906	0.000734816	0.000245066	6.61996e-05	1.39872e-05	2.49268e-06	
951311	0.000364933	0.00387316	0.0122574	0.0256435	0.0422455	0.0586876	0.0712891	0.0777258	0.078037	0.0742703	0.069051	0.064163	0.0600541	0.0562875	0.0522887	0.0477932	0.0428618	0.0376761	0.0323647	0.0269826	0.0216041	0.0164059	0.0116594	0.00764614	0.00455665	0.0024258	0.0011314	0.000452066	0.000150783	4.07381e-05	8.60951e-06	1.53482e-06	
961311	2.76936e-05	0.000302321	0.00105626	0.00260698	0.00539158	0.00994849	0.0168279	0.0263963	0.0385519	0.0524715	0.066564	0.0787558	0.0870802	0.0903425	0.0885211	0.0826669	0.0743484	0.0649718	0.0553773	0.0458835	0.0366097	0.0277661	0.0197326	0.0129458	0.00771814	0.00411006	0.00191728	0.000766144	0.000255551	6.90441e-05	1.45911e-05	2.60098e-06	
971311	1.06459e-06	1.29037e-05	5.07012e-05	0.000145377	0.000365399	0.000849421	0.00183985	0.00371728	0.00704309	0.0125672	0.0211116	0.0332982	0.0491779	0.0678531	0.0872358	0.104158	0.115015	0.116885	0.108727	0.0920391	0.070482	0.048534	0.0298654	0.0163072	0.00783063	0.00326743	0.00116602	0.000348857	8.54655e-05	1.66909e-05	2.52182e-06	3.06831e-07	
981311	1.72129e-06	4.11758e-05	0.000247953	0.000864315	0.00221352	0.00465944	0.00861104	0.0145406	0.0228573	0.0335575	0.0459123	0.0585965	0.0702443	0.0799193	0.0870954	0.0913082	0.0919306	0.0883242	0.0802585	0.0683071	0.0539417	0.0391982	0.0260348	0.0157198	0.00858462	0.00420979	0.00183152	0.000693459	0.000222464	5.84923e-05	1.21296e-05	2.13049e-06	
991311	6.37268e-07	1.49669e-05	8.38134e-05	0.000294158	0.000807633	0.00188672	0.00390052	0.00729916	0.0125765	0.0202397	0.0307208	0.0441062	0.0597249	0.0759002	0.0901716	0.0999681	0.103427	0.0999915	0.090513	0.0768524	0.0612318	0.0456843	0.0317476	0.0203613	0.0118893	0.00620736	0.00283331	0.00110091	0.000353197	9.04118e-05	1.77795e-05	2.85576e-06	
1.00131e+06	1.268e-05	0.000149357	0.000594958	0.00164314	0.0036329	0.00695344	0.0121168	0.0196632	0.0298527	0.0424087	0.0564822	0.0707425	0.0835213	0.0930579	0.0978515	0.0970259	0.0905915	0.0795114	0.0655119	0.050652	0.0367851	0.0251357	0.0161674	0.00974916	0.00545065	0.00277394	0.00125493	0.000491288	0.000161618	4.32547e-05	9.08166e-06	1.61079e-06	
1.01131e+06	0.000114335	0.00232277	0.00829601	0.0165797	0.0242308	0.0293149	0.0321082	0.034366	0.0377947	0.0431013	0.0499533	0.0574058	0.0643483	0.0698008	0.0730628	0.0737564	0.0717971	0.067323	0.0606342	0.0521817	0.0425965	0.032686	0.0233357	0.0153227	0.00913076	0.0048597	0.00226655	0.000905812	0.000302218	8.16798e-05	1.7268e-05	3.07956e-06	
1.02131e+06	1.74525e-07	3.87398e-06	2.37674e-05	9.69688e-05	0.00032033	0.000919603	0.00235931	0.00545927	0.0114032	0.0214724	0.0364349	0.0557775	0.0772041	0.0968273	0.110243	0.114258	0.108411	0.0950943	0.0780739	0.0606882	0.0449612	0.0317269	0.0211537	0.0131455	0.00748165	0.00382087	0.00171107	0.000654903	0.000208189	5.3221e-05	1.05453e-05	1.72538e-06	
1.03131e+06	9.98671e-06	0.000110797	0.000391886	0.000977606	0.00204926	0.00386791	0.0068051	0.0113678	0.0181751	0.0278156	0.0405329	0.0557934	0.071968	0.0864669	0.0964912	0.100122	0.0970852	0.0886606	0.0768572	0.0635525	0.0501243	0.0375126	0.0263817	0.0172011	0.0102277	0.0054432	0.00253989	0.00101541	0.000338807	9.15495e-05	1.93461e-05	3.44779e-06	
1.04131e+06	5.03776e-05	0.00126213	0.00635719	0.0175362	0.0342275	0.0530687	0.0700317	0.0824867	0.0896983	0.0921493	0.0907123	0.0861607	0.0790484	0.0698526	0.0591938	0.0479324	0.0370536	0.0274161	0.0195276	0.0134772	0.00904123	0.00587115	0.0036462	0.0021286	0.0011459	0.000557622	0.000240148	8.94068e-05	2.80164e-05	7.16559e-06	1.44364e-06	2.45743e-07	
1.05131e+06	5.10632e-05	0.000540866	0.00180847	0.00421389	0.00812764	0.0138534	0.0215261	0.031006	0.0418049	0.0530785	0.0637207	0.072564	0.0786508	0.0814752	0.0810769	0.0779298	0.0726843	0.06591	0.0579865	0.0491843	0.0398425	0.0304811	0.0217576	0.0143024	0.00853321	0.00454491	0.00212001	0.000847021	0.000282468	7.62974e-05	1.61194e-05	2.87236e-06	
1.06131e+06	0.000678114	0.00820566	0.0202907	0.0315283	0.0411142	0.0498413	0.0574506	0.0630253	0.0660505	0.0666902	0.065525	0.0632313	0.0603736	0.0573108	0.054178	0.0509142	0.0473235	0.0431704	0.0382913	0.0326918	0.0265893	0.020384	0.014564	0.00957756	0.00571527	0.00304435	0.00142019	0.000567472	0.000189264	5.11291e-05	1.08038e-05	1.92556e-06	
1.07131e+06	0.00529941	0.0381637	0.07881	0.108087	0.121332	0.121774	0.11356	0.0997954	0.0830843	0.0658393	0.0499781	0.0366114	0.0260556	0.0180938	0.0122769	0.00812976	0.00524194	0.00328433	0.00199753	0.00117874	0.000673765	0.000371152	0.000195023	9.62454e-05	4.37569e-05	1.79369e-05	6.47971e-06	2.01313e-06	5.23718e-07	1.10722e-07	1.8385e-08	2.5134e-09	
1.08131e+06	1.29945e-08	1.85832e-07	8.33631e-07	2.60816e-06	6.80012e-06	1.58588e-05	3.43129e-05	7.04522e-05	0.000139558	0.000270496	0.000519852	0.00100283	0.00195857	0.00387402	0.00767206	0.0148797	0.027515	0.0473076	0.0741402	0.104436	0.130921	0.14484	0.140234	0.117863	0.0852985	0.0526261	0.027293	0.0116797	0.00403406	0.00109693	0.000228325	3.94006e-05	
1.09131e+06	4.19883e-06	6.19371e-05	0.000272073	0.000804635	0.00192569	0.00400464	0.00748576	0.0128138	0.0203379	0.0302393	0.0424769	0.0566736	0.0719201	0.0866057	0.0984568	0.104932	0.104011	0.0951903	0.0801227	0.0621797	0.0449014	0.0305099	0.0196166	0.0118815	0.00668774	0.00342937	0.00156388	0.000617225	0.000204642	5.51617e-05	1.16546e-05	2.07976e-06	
1.10131e+06	0.000172268	0.00171711	0.00538555	0.0117133	0.0209205	0.0325988	0.045413	0.0572019	0.0658795	0.0706437	0.0722425	0.0720255	0.0709016	0.0690698	0.0663307	0.062451	0.0573476	0.0511212	0.0440288	0.0364411	0.0287954	0.0215463	0.0151104	0.00980749	0.00580315	0.00307569	0.00143085	0.000570907	0.000190265	5.13763e-05	1.08525e-05	1.93363e-06	
1.11131e+06	0.000193976	0.00184329	0.00546075	0.0111327	0.0185682	0.0271154	0.0359274	0.0442329	0.0515865	0.0579508	0.0635392	0.068486	0.0725385	0.0749949	0.0749903	0.0720181	0.0663244	0.0588	0.0504333	0.0418627	0.0334013	0.0253165	0.0179778	0.0117871	0.00702467	0.00374018	0.00174471	0.000697236	0.000232593	6.28501e-05	1.32842e-05	2.36848e-06	
1.12131e+06	8.49911e-06	9.49801e-05	0.000339487	0.000859005	0.00183303	0.00353212	0.00635487	0.0108619	0.0177711	0.0278484	0.0416228	0.0589145	0.0783032	0.0968655	0.110626	0.115905	0.110998	0.0970571	0.0775123	0.0565611	0.0377382	0.0230801	0.0129977	0.00676882	0.0032585	0.0014379	0.000571919	0.000200286	6.00172e-05	1.48852e-05	2.94105e-06	4.9521e-07	
1.13131e+06	5.98715e-06	0.000109566	0.000585963	0.00201627	0.00528554	0.0112815	0.0203152	0.031637	0.0435599	0.0542616	0.0626722	0.0687621	0.0731206	0.0762714	0.0782406	0.0785765	0.076665	0.0720623	0.0647012	0.0549854	0.0437913	0.0323377	0.0218999	0.0134526	0.00741403	0.00362515	0.00155314	0.000574087	0.000179318	4.60349e-05	9.37408e-06	1.62464e-06	
