6869	6.83742e-07	8.07266e-06	3.1142e-05	8.71068e-05	0.000210517	0.000469438	0.000993325	0.00201585	0.00393019	0.00734058	0.0130731	0.0220875	0.0352241	0.0527276	0.0735749	0.0949326	0.112477	0.121919	0.120736	0.108863	0.0885577	0.0639993	0.0402904	0.021639	0.00972873	0.00361545	0.00110919	0.000284067	6.15292e-05	1.1221e-05	1.67024e-06	2.091e-07	
16869	0.000474219	0.013525	0.11284	0.317087	0.221392	0.116093	0.073266	0.0463564	0.0297409	0.0196248	0.0133463	0.00943123	0.00694996	0.0052956	0.00410209	0.00316896	0.00240009	0.00175803	0.00123195	0.000818133	0.000510293	0.000296264	0.00015864	7.76048e-05	3.43302e-05	1.35756e-05	4.73166e-06	1.42745e-06	3.64044e-07	7.61816e-08	1.26174e-08	1.72969e-09	
26869	0.00177115	0.0281575	0.18185	0.477589	0.244901	0.0471092	0.0103556	0.00339365	0.00158177	0.000929994	0.000632032	0.000464408	0.000352047	0.000267846	0.000201283	0.000147872	0.000105428	7.25541e-05	4.79941e-05	3.04068e-05	1.83792e-05	1.05424e-05	5.69278e-06	2.86087e-06	1.31805e-06	5.46692e-07	1.99928e-07	6.29691e-08	1.66332e-08	3.57489e-09	6.03744e-10	8.40781e-11	
36869	0.00028407	0.00852726	0.129262	0.468093	0.287305	0.0709134	0.0220413	0.00761759	0.00281674	0.00122436	0.000638481	0.000388499	0.000261888	0.000186023	0.000134806	9.78623e-05	7.03362e-05	4.95805e-05	3.39796e-05	2.24443e-05	1.41582e-05	8.44527e-06	4.71119e-06	2.42728e-06	1.13853e-06	4.78201e-07	1.76442e-07	5.59348e-08	1.48486e-08	3.20382e-09	5.42774e-10	7.5802e-11	
46869	0.000791628	0.0177193	0.120874	0.425209	0.311968	0.081565	0.0218378	0.00894145	0.0045294	0.00247408	0.00141766	0.000861515	0.000560705	0.000386228	0.000274234	0.000195778	0.000138153	9.53219e-05	6.3816e-05	4.11785e-05	2.54291e-05	1.4901e-05	8.19868e-06	4.18159e-06	1.94729e-06	8.1366e-07	2.99062e-07	9.45259e-08	2.50339e-08	5.39114e-09	9.11905e-10	1.27169e-10	
56869	0.000200345	0.00697324	0.0588671	0.269137	0.28365	0.11724	0.0469144	0.0274352	0.0213246	0.0196016	0.0195594	0.0198649	0.0198229	0.0190891	0.0175352	0.0152201	0.0123761	0.00935658	0.00653703	0.0042055	0.00249062	0.00136174	0.000689938	0.000324091	0.000140244	5.51356e-05	1.93098e-05	5.88215e-06	1.51555e-06	3.19802e-07	5.32725e-08	7.33198e-09	
66869	0.000121222	0.00262987	0.0203859	0.160727	0.354662	0.277441	0.118221	0.0391275	0.0137648	0.00567085	0.00275902	0.00154333	0.000954967	0.000631707	0.000434812	0.000304888	0.000214147	0.000148603	0.000100699	6.59431e-05	4.1315e-05	2.45089e-05	1.3611e-05	6.98676e-06	3.26719e-06	1.3688e-06	5.03979e-07	1.59487e-07	4.2275e-08	9.11015e-09	1.54178e-09	2.15107e-10	
76869	3.95356e-05	0.000813171	0.00852985	0.0805418	0.260192	0.284028	0.177054	0.0897534	0.0447367	0.0234693	0.0128966	0.00726179	0.00416634	0.00244844	0.00148533	0.0009335	0.000604164	0.000396624	0.000259181	0.000165634	0.000101983	5.97085e-05	3.28196e-05	1.67088e-05	7.7616e-06	3.23412e-06	1.18546e-06	3.73761e-07	9.87682e-08	2.12295e-08	3.58504e-09	4.99158e-10	
86869	3.54097e-07	5.87716e-06	3.00364e-05	0.000111011	0.000373624	0.00117045	0.00317029	0.00726435	0.0147333	0.0276585	0.0479616	0.0748462	0.103219	0.125004	0.133174	0.125644	0.105956	0.0808677	0.0568078	0.0374341	0.0235173	0.0142121	0.00825255	0.00454732	0.00232557	0.00107388	0.000434876	0.000149912	4.2639e-05	9.67196e-06	1.6849e-06	2.35836e-07	
96869	2.27689e-05	0.000277111	0.00107069	0.00291787	0.00669212	0.0138411	0.0266201	0.0476557	0.0779279	0.1136	0.14331	0.152208	0.134934	0.101742	0.0682123	0.0430064	0.0266381	0.0164498	0.0100331	0.00594612	0.00338147	0.00182907	0.000932506	0.000442978	0.000193415	7.64166e-05	2.6819e-05	8.17421e-06	2.10548e-06	4.43906e-07	7.3857e-08	1.01494e-08	
106869	0.000230419	0.00289626	0.0116641	0.0351157	0.0836248	0.131471	0.159835	0.165761	0.140777	0.100437	0.0645751	0.0401366	0.0248684	0.0152958	0.00927375	0.00557191	0.00336242	0.002056	0.00126799	0.000776902	0.000464471	0.000266389	0.000144266	7.2633e-05	3.34481e-05	1.3841e-05	5.04498e-06	1.58331e-06	4.16813e-07	8.93095e-08	1.50423e-08	2.08929e-09	
116869	0.000807991	0.0163445	0.0957041	0.265487	0.348529	0.201322	0.0538836	0.0108043	0.00310129	0.00141221	0.000818357	0.00053085	0.000366557	0.000262248	0.000190678	0.000138818	0.000100015	7.06257e-05	4.84574e-05	3.2029e-05	2.02124e-05	1.20596e-05	6.72856e-06	3.46705e-06	1.62637e-06	6.83141e-07	2.52069e-07	7.99126e-08	2.12144e-08	4.57747e-09	7.75511e-10	1.08308e-10	
126869	1.77006e-07	2.243e-05	0.00159371	0.0277934	0.108352	0.147986	0.127879	0.0956941	0.071571	0.0601529	0.0547157	0.0505646	0.0461629	0.0413201	0.0361768	0.0309249	0.0257884	0.020972	0.0165835	0.0126406	0.00915563	0.0061936	0.00384441	0.00215145	0.00106634	0.00045937	0.000168582	5.15844e-05	1.28621e-05	2.54935e-06	3.90805e-07	4.84063e-08	
136869	3.28277e-05	0.00106515	0.00681643	0.026304	0.0783352	0.161439	0.216857	0.19854	0.134844	0.0760685	0.0402556	0.0221027	0.0131152	0.00831638	0.00549306	0.0036992	0.00249446	0.00165683	0.00106913	0.000663427	0.000392975	0.000220808	0.000116837	5.76347e-05	2.61386e-05	1.07063e-05	3.8774e-06	1.21201e-06	3.18227e-07	6.80608e-08	1.14479e-08	1.58824e-09	
146869	3.70237e-05	0.000421722	0.00169041	0.00534193	0.0148811	0.0363882	0.075329	0.12459	0.16018	0.162749	0.136627	0.100424	0.068183	0.0442008	0.0277044	0.0169148	0.0101676	0.00606401	0.0035844	0.00208366	0.00117951	0.00064344	0.000334257	0.000162988	7.33247e-05	2.98391e-05	1.07451e-05	3.34163e-06	8.73464e-07	1.86092e-07	3.11978e-08	4.31469e-09	
156869	8.97383e-08	1.76903e-06	9.8182e-06	3.65232e-05	0.000112608	0.000315258	0.000837783	0.00214634	0.00526201	0.0120491	0.0250438	0.0462869	0.0752244	0.106855	0.132431	0.14331	0.135307	0.111374	0.0806807	0.0527826	0.0321368	0.0184945	0.0100554	0.00513237	0.00243805	0.00106293	0.000416238	0.000142365	4.11882e-05	9.73331e-06	1.80807e-06	2.79632e-07	
166869	1.23435e-07	1.49812e-06	5.84833e-06	1.62401e-05	3.81768e-05	8.12884e-05	0.000162185	0.000309563	0.000574226	0.00105091	0.00192944	0.00361562	0.00699129	0.0138338	0.0270567	0.0497801	0.0824737	0.11966	0.149728	0.159868	0.144084	0.108692	0.068538	0.0363154	0.0162845	0.00620632	0.00200723	0.000546474	0.000123531	2.27486e-05	3.32806e-06	4.03279e-07	
176869	5.36061e-08	7.16498e-07	3.11962e-06	9.80694e-06	2.65479e-05	6.63287e-05	0.000158322	0.000368	0.000841772	0.00190387	0.00425661	0.00933998	0.0197491	0.0390406	0.0696216	0.108452	0.144083	0.160955	0.150521	0.118484	0.079809	0.0471626	0.0250017	0.011998	0.00519365	0.00200705	0.00068302	0.000201192	5.01038e-05	1.02212e-05	1.64284e-06	2.15972e-07	
186869	1.10698e-06	7.42649e-05	0.000881548	0.00541501	0.0214263	0.0590039	0.115187	0.159202	0.159002	0.123838	0.0861718	0.0614105	0.0473667	0.0385669	0.0317087	0.0255799	0.0200221	0.0151555	0.011047	0.00768342	0.00503154	0.00305736	0.00170056	0.000855367	0.00038459	0.000152673	5.27306e-05	1.55555e-05	3.83042e-06	7.65943e-07	1.20468e-07	1.55712e-08	
196869	7.20537e-06	8.47411e-05	0.000328374	0.000957723	0.0025582	0.00651711	0.0152935	0.0315732	0.0558021	0.0838675	0.108171	0.122228	0.12415	0.115675	0.099536	0.0788484	0.0574167	0.0387526	0.0246642	0.0150499	0.00884062	0.00494887	0.00259717	0.00125729	0.000552915	0.000217348	7.49876e-05	2.22375e-05	5.53536e-06	1.12559e-06	1.81095e-07	2.41261e-08	
206869	1.50404e-05	0.000303129	0.001457	0.00433201	0.0100291	0.0199976	0.0361677	0.0599713	0.0891511	0.115705	0.130607	0.1306	0.117728	0.0960606	0.07103	0.0480171	0.0301073	0.0177471	0.0099547	0.00538512	0.00284128	0.00146547	0.000732218	0.000348187	0.000154117	6.201e-05	2.21374e-05	6.83686e-06	1.77693e-06	3.76798e-07	6.29222e-08	8.67036e-09	
216869	2.14578e-05	0.000695596	0.00419363	0.0146513	0.0385645	0.0814316	0.13426	0.165815	0.153391	0.114188	0.0779586	0.0546548	0.0406166	0.0312707	0.0242755	0.0187184	0.0142224	0.0105715	0.00761598	0.00525536	0.00342488	0.00207549	0.0011512	0.000575612	0.000255802	9.97371e-05	3.37111e-05	9.75616e-06	2.38027e-06	4.7871e-07	7.68547e-08	1.02786e-08	
226869	5.29813e-05	0.00067482	0.00302687	0.00977509	0.024941	0.0515381	0.0878245	0.125187	0.150218	0.152048	0.13085	0.0979612	0.0661454	0.0416422	0.0249073	0.0143383	0.00810377	0.00460662	0.00266868	0.00156384	0.000907735	0.000510243	0.000272336	0.000135611	6.19173e-05	2.54478e-05	9.22476e-06	2.88212e-06	7.55925e-07	1.61472e-07	2.71266e-08	3.75864e-09	
236869	0.000188592	0.00318859	0.0132902	0.0346169	0.0699323	0.116539	0.159715	0.176073	0.154523	0.110302	0.0682102	0.0396677	0.0227525	0.0129287	0.00731618	0.00422065	0.0025327	0.00157521	0.000993255	0.000619602	0.000374922	0.000216639	0.000117859	5.95122e-05	2.7461e-05	1.13801e-05	4.15255e-06	1.30432e-06	3.43585e-07	7.36548e-08	1.24101e-08	1.72421e-09	
246869	1.04794e-05	0.000656056	0.00495951	0.0175142	0.0396038	0.0649589	0.0831878	0.0894153	0.0885621	0.0883755	0.0906033	0.0911154	0.0859015	0.0744788	0.0592992	0.043701	0.0301834	0.0197611	0.0123211	0.00729617	0.00408051	0.00214568	0.00105734	0.00048605	0.000206677	8.01723e-05	2.78196e-05	8.4226e-06	2.16049e-06	4.54191e-07	7.54001e-08	1.03409e-08	
256869	4.98359e-06	6.64994e-05	0.000275329	0.000784767	0.00183536	0.00376929	0.00702574	0.0121062	0.0195055	0.0296137	0.0425947	0.0582063	0.0754838	0.0923394	0.105488	0.111326	0.107704	0.0952739	0.0772069	0.0576481	0.0400444	0.0261873	0.016259	0.00956179	0.00524686	0.00262613	0.00116931	0.000451229	0.000146668	3.88805e-05	8.1023e-06	1.42761e-06	
266869	8.18528e-05	0.000843863	0.00275831	0.0063375	0.0122261	0.021277	0.0346383	0.0536545	0.0790682	0.10887	0.135478	0.146629	0.1343	0.103756	0.0691186	0.0412327	0.0229714	0.0124088	0.0066777	0.00362404	0.00197466	0.00106143	0.000549956	0.000268398	0.000120769	4.90759e-05	1.7627e-05	5.4654e-06	1.42438e-06	3.02652e-07	5.06213e-08	6.98575e-09	
276869	2.0188e-06	6.5499e-05	0.000422861	0.00168629	0.00531074	0.0142554	0.0326913	0.0621951	0.0958484	0.119995	0.126238	0.117852	0.102875	0.0863091	0.0695573	0.053226	0.0384668	0.0264288	0.017533	0.0114173	0.00733837	0.0046044	0.0027611	0.00154706	0.000793001	0.000364231	0.00014665	5.05145e-05	1.44811e-05	3.34775e-06	6.01948e-07	8.87298e-08	
286869	0.000482539	0.00913782	0.0623165	0.234518	0.314722	0.191089	0.0907215	0.0435188	0.0225209	0.0126121	0.00724083	0.00417106	0.00246134	0.00152595	0.000995103	0.000670463	0.000457472	0.000311012	0.000207801	0.000134765	8.38509e-05	4.94847e-05	2.73706e-05	1.40047e-05	6.53193e-06	2.73075e-06	1.00366e-06	3.17148e-07	8.39621e-08	1.80746e-08	3.05614e-09	4.2602e-10	
296869	0.00013967	0.00505324	0.0605347	0.265455	0.356243	0.183789	0.0651337	0.0279241	0.0145524	0.00809346	0.00473392	0.00293116	0.00189187	0.00124105	0.000814005	0.000531879	0.000347037	0.000226176	0.000146336	9.28799e-05	5.70032e-05	3.33436e-05	1.83311e-05	9.33806e-06	4.34074e-06	1.80994e-06	6.6385e-07	2.09422e-07	5.53686e-08	1.19064e-08	2.01144e-09	2.80172e-10	
306869	0.000118056	0.00559871	0.0508263	0.206361	0.294375	0.187667	0.104673	0.0651023	0.0382798	0.0206472	0.0108397	0.00586523	0.00337418	0.00208394	0.0013696	0.000937404	0.000652072	0.000451329	0.000305626	0.000199746	0.000124518	7.32162e-05	4.01516e-05	2.02912e-05	9.32548e-06	3.83907e-06	1.39077e-06	4.34072e-07	1.13802e-07	2.4322e-08	4.09136e-09	5.68024e-10	
316869	1.48963e-08	4.0096e-07	4.07937e-06	2.91229e-05	0.000146455	0.000543091	0.00156577	0.00368421	0.00753979	0.0143874	0.0262969	0.0448579	0.0687569	0.0926437	0.109543	0.115357	0.11087	0.0997289	0.0853861	0.0698417	0.0541421	0.0391784	0.0259797	0.0154921	0.00816331	0.00374134	0.00146888	0.000485708	0.000132346	2.88645e-05	4.85731e-06	6.5706e-07	
326869	0.000226299	0.0033461	0.0134199	0.0334511	0.0631539	0.0978677	0.12834	0.143291	0.137114	0.114522	0.0858887	0.0599004	0.0402406	0.0267522	0.0178617	0.0120081	0.00807812	0.00539078	0.00354371	0.00228209	0.00143112	0.000867234	0.000502765	0.000275298	0.000140124	6.50401e-05	2.69309e-05	9.70515e-06	2.96108e-06	7.41396e-07	1.47005e-07	2.47466e-08	
336869	1.06789e-05	0.000188375	0.00110813	0.00416862	0.0115984	0.0255338	0.0461804	0.0702068	0.0911855	0.102963	0.103958	0.097737	0.0887228	0.0787101	0.0677769	0.0562591	0.0449808	0.0346691	0.0257211	0.0182904	0.0123913	0.00793838	0.00476401	0.00264537	0.00133799	0.00060487	0.000239173	8.07238e-05	2.2623e-05	5.1014e-06	8.9277e-07	1.2727e-07	
346869	5.03215e-07	7.59023e-06	3.65785e-05	0.000122322	0.000334906	0.000800759	0.00172871	0.00344005	0.00639234	0.0111469	0.0181941	0.0276175	0.0387921	0.0504826	0.0614174	0.0707866	0.0782577	0.0837737	0.0872485	0.0881909	0.0856904	0.0789338	0.0678789	0.0536276	0.0382655	0.024195	0.0132621	0.00614273	0.00233446	0.000704095	0.000162393	3.10178e-05	
356869	0.0156814	0.0853894	0.136195	0.140997	0.114548	0.0820329	0.0592164	0.0488227	0.0463068	0.0462062	0.045076	0.0417079	0.036357	0.0298969	0.0232483	0.0171231	0.0119551	0.00791457	0.00496858	0.00295894	0.00167291	0.000897872	0.000455991	0.000217263	9.57625e-05	3.83351e-05	1.36386e-05	4.20671e-06	1.09374e-06	2.3222e-07	3.88417e-08	5.36229e-09	
366869	7.39583e-07	1.58357e-05	0.000101218	0.000441129	0.00153564	0.00446027	0.010986	0.0231741	0.0422091	0.0668709	0.0927632	0.113413	0.123158	0.11995	0.105958	0.0860177	0.0653286	0.0474386	0.0335395	0.0232477	0.0157258	0.0102612	0.00635778	0.00367013	0.00193159	0.000905217	0.000368323	0.00012663	3.57082e-05	7.99166e-06	1.36848e-06	1.87355e-07	
376869	4.82579e-07	6.90233e-06	3.28255e-05	0.000114717	0.000347422	0.000959747	0.00245038	0.00577173	0.0124542	0.0244227	0.0432062	0.0685095	0.0968072	0.121342	0.134595	0.13224	0.115533	0.0902209	0.0633333	0.0402763	0.0234642	0.0126631	0.00635613	0.00294884	0.00124857	0.000475228	0.000159788	4.64791e-05	1.14087e-05	2.29577e-06	3.66263e-07	4.84055e-08	
386869	1.28116e-09	2.68963e-08	1.66441e-07	7.12993e-07	2.59044e-06	8.64625e-06	2.7427e-05	8.36987e-05	0.000246236	0.00069662	0.00188434	0.0048254	0.0115158	0.0250425	0.0482969	0.0805768	0.114593	0.138792	0.144695	0.132003	0.107069	0.0781071	0.051583	0.0308454	0.0165537	0.00783749	0.0032045	0.0011065	0.000315335	7.22977e-05	1.29325e-05	1.91228e-06	
396869	4.24599e-05	0.000453668	0.00154501	0.0037074	0.00745067	0.0133831	0.0221277	0.0341389	0.0494099	0.0671222	0.0853725	0.101162	0.110862	0.111356	0.10174	0.0844901	0.064557	0.0465477	0.032577	0.0224819	0.015271	0.0100876	0.00638548	0.00381306	0.00211118	0.00106291	0.000476016	0.000184942	6.05824e-05	1.61968e-05	3.40561e-06	6.06351e-07	
406869	6.02524e-05	0.0012297	0.00580382	0.0163809	0.0344741	0.0589396	0.0853089	0.106996	0.118225	0.116982	0.105757	0.0894645	0.072395	0.0566987	0.042929	0.0312158	0.0217249	0.0144696	0.00919815	0.00553758	0.00312931	0.00165068	0.000811239	0.000370954	0.000156983	6.07152e-05	2.10349e-05	6.36187e-06	1.63039e-06	3.42477e-07	5.68198e-08	7.789e-09	
416869	5.91548e-07	2.26633e-05	0.000155965	0.000615863	0.00180716	0.00435581	0.00905456	0.0166742	0.0276325	0.0415947	0.0572121	0.0723263	0.0848055	0.0934966	0.0982435	0.0988667	0.0946063	0.0849501	0.0706822	0.0539776	0.0376327	0.0239509	0.0139564	0.00744267	0.00359481	0.00153986	0.000569534	0.000176878	4.48591e-05	9.02874e-06	1.39871e-06	1.73845e-07	
426869	0.000166059	0.00197193	0.00719391	0.0177819	0.0353186	0.0599825	0.0893049	0.117418	0.136095	0.13839	0.123139	0.0962937	0.0671821	0.0429711	0.0261166	0.0156365	0.00948495	0.00591329	0.00377545	0.00242186	0.00152274	0.00091745	0.000519545	0.000271641	0.000128786	5.43129e-05	1.99511e-05	6.23636e-06	1.61618e-06	3.37265e-07	5.4841e-08	7.27139e-09	
436869	4.01997e-05	0.000422839	0.00140891	0.00328806	0.00639644	0.0110958	0.0177293	0.0265288	0.037448	0.0499487	0.0628647	0.0745241	0.083198	0.0876756	0.0876218	0.0835369	0.0764418	0.0675137	0.057771	0.0478748	0.0381729	0.0289432	0.0205702	0.0134969	0.00804727	0.00428554	0.00199923	0.000798941	0.000266509	7.201e-05	1.52192e-05	2.71319e-06	
446869	7.71397e-06	8.87737e-05	0.000324739	0.000836457	0.00181276	0.00355799	0.00658041	0.0117172	0.0202162	0.0335586	0.052687	0.0764939	0.100355	0.116859	0.120059	0.110008	0.0922728	0.0731736	0.0562762	0.0423453	0.0308866	0.0213854	0.0137124	0.00794887	0.00407287	0.00180559	0.000678656	0.000212239	5.43016e-05	1.11896e-05	1.8242e-06	2.50499e-07	
456869	4.92105e-05	0.000755967	0.00378413	0.0121613	0.0291825	0.0558502	0.088103	0.116636	0.131425	0.128391	0.111756	0.0897282	0.0686801	0.0512011	0.0374429	0.0267571	0.0184962	0.0122319	0.00768048	0.00456384	0.00256314	0.00135806	0.000676154	0.000314157	0.000134792	5.26259e-05	1.83359e-05	5.56497e-06	1.4297e-06	3.00904e-07	5.00009e-08	6.86385e-09	
466869	4.70106e-06	5.82978e-05	0.000228342	0.000625021	0.00142313	0.00288021	0.00533669	0.00916281	0.0146109	0.0215749	0.0293733	0.0367929	0.0425863	0.0462527	0.048498	0.050899	0.0550224	0.0616722	0.0705736	0.080288	0.0881105	0.090317	0.0836593	0.0678434	0.0467917	0.0267513	0.0124028	0.00457976	0.00132664	0.000296995	5.0357e-05	6.81497e-06	
476869	2.39192e-06	2.83098e-05	0.00010728	0.000287814	0.000650707	0.00132761	0.00253282	0.00462186	0.00819736	0.0142713	0.0244179	0.0406556	0.0645208	0.09485	0.125154	0.14413	0.142412	0.120612	0.0886963	0.0576173	0.0334828	0.0175195	0.00827964	0.00354388	0.00137839	0.000487985	0.00015639	4.45764e-05	1.09638e-05	2.23918e-06	3.64027e-07	4.90343e-08	
486869	8.96322e-07	1.13215e-05	4.56128e-05	0.000129506	0.000308048	0.000655877	0.00129043	0.00238767	0.00419985	0.00707778	0.0115051	0.0181483	0.027875	0.0415905	0.0597318	0.0814817	0.104078	0.122712	0.131439	0.125485	0.104547	0.0745251	0.0447452	0.0223723	0.00925575	0.0031797	0.000924603	0.000233678	5.17658e-05	9.807e-06	1.51622e-06	1.96718e-07	
496869	1.02637e-08	1.78085e-07	1.23584e-06	6.54706e-06	2.87635e-05	0.000107734	0.000350833	0.00100802	0.00257858	0.00589378	0.0120335	0.021919	0.0356792	0.0523304	0.0701268	0.08701	0.100691	0.108948	0.110302	0.104328	0.091585	0.073691	0.0534523	0.0343332	0.0191827	0.00915573	0.00366188	0.00120158	0.000315973	6.48976e-05	1.01215e-05	1.25075e-06	
506869	1.96112e-07	2.44577e-06	1.02798e-05	3.2392e-05	9.07638e-05	0.000239094	0.00060206	0.0014513	0.00333514	0.00726232	0.0148767	0.0284075	0.049938	0.079485	0.112341	0.138438	0.147041	0.134525	0.107056	0.075268	0.0474811	0.027162	0.0141183	0.00661909	0.00276408	0.00101504	0.000324208	8.91064e-05	2.07765e-05	4.0211e-06	6.25572e-07	8.13751e-08	
516869	6.76322e-06	7.51252e-05	0.000266802	0.000670766	0.00142338	0.0027344	0.00493186	0.00853022	0.0142844	0.0231143	0.0357898	0.0523934	0.0716871	0.0907585	0.105545	0.11232	0.10935	0.0977067	0.0806879	0.0622471	0.0454109	0.0315947	0.0209506	0.0130952	0.00757419	0.00396413	0.00183241	0.000729068	0.000242791	6.5591e-05	1.38724e-05	2.47656e-06	
526869	2.06706e-08	2.49429e-07	9.86336e-07	2.837e-06	7.08086e-06	1.64195e-05	3.65426e-05	7.93924e-05	0.000169956	0.000360403	0.000759571	0.00159454	0.00333778	0.00695337	0.0142817	0.0283071	0.0524105	0.087452	0.127408	0.158163	0.164569	0.142284	0.10201	0.0607954	0.0302615	0.0126394	0.00443127	0.00129256	0.000307831	5.83764e-05	8.57126e-06	1.01368e-06	
536869	1.5974e-07	1.93903e-06	7.72056e-06	2.23233e-05	5.5776e-05	0.000128672	0.000282682	0.000600452	0.00124096	0.00249637	0.0048699	0.00915515	0.0164574	0.0280364	0.0448091	0.0664765	0.0906293	0.112592	0.126569	0.127889	0.115432	0.0927964	0.0667076	0.0433111	0.0255733	0.0136393	0.00643276	0.00260696	0.000880008	0.000239501	5.07474e-05	9.04628e-06	
546869	1.34377e-07	2.45723e-06	1.28912e-05	4.54218e-05	0.000131185	0.00033628	0.000794651	0.0017632	0.00370141	0.00735885	0.0138107	0.024313	0.0398061	0.0600246	0.0826229	0.103217	0.116898	0.120375	0.113193	0.0975727	0.0773189	0.0563128	0.0374445	0.0224223	0.0118861	0.00548461	0.0021694	0.000724982	0.000201561	4.5751e-05	8.26823e-06	1.27254e-06	
556869	2.88479e-07	3.70342e-06	1.58231e-05	4.97774e-05	0.000136639	0.000347239	0.000835213	0.00191234	0.00415536	0.00849865	0.0161878	0.0284323	0.0457425	0.0672514	0.0904309	0.111317	0.125174	0.12778	0.117344	0.0959988	0.0693849	0.0440771	0.0245872	0.0120823	0.00525793	0.00203207	0.000693986	0.000206105	5.18364e-05	1.06687e-05	1.72713e-06	2.2852e-07	
566869	5.95399e-06	6.75591e-05	0.000248455	0.000657721	0.00149546	0.00312189	0.0061522	0.0115406	0.0205478	0.034416	0.0536161	0.076816	0.100206	0.118094	0.125134	0.1191	0.102137	0.0794338	0.0565402	0.0372834	0.0231386	0.0137474	0.00790673	0.00439112	0.00231431	0.00112733	0.000492951	0.000187892	6.05636e-05	1.59756e-05	3.32414e-06	5.8732e-07	
576869	2.63616e-06	3.51822e-05	0.000160784	0.00055283	0.00167381	0.00464199	0.0117252	0.0263206	0.0511182	0.084225	0.116749	0.13672	0.137541	0.122026	0.0982388	0.0733906	0.0515383	0.0342359	0.0215819	0.012919	0.00731927	0.00389619	0.0019307	0.000882531	0.000369027	0.000139857	4.73984e-05	1.40716e-05	3.55765e-06	7.40241e-07	1.21959e-07	1.66168e-08	
586869	7.54837e-06	8.79198e-05	0.000325892	0.000848822	0.00184554	0.00357637	0.00637281	0.01062	0.0167155	0.0249978	0.03563	0.048424	0.0626308	0.0768082	0.0889481	0.0969419	0.0992221	0.0952793	0.0858369	0.0726057	0.0577078	0.0430669	0.0300522	0.0194301	0.0114759	0.0060801	0.00282929	0.00112926	0.00037642	0.000101646	2.14691e-05	3.82438e-06	
596869	0.000625714	0.00588189	0.0171192	0.0339876	0.0546134	0.0757835	0.0936577	0.1049	0.107867	0.103133	0.0928728	0.0795999	0.0653089	0.051338	0.0385655	0.0275738	0.0186999	0.0120168	0.00733451	0.00427332	0.00238788	0.00127928	0.000651567	0.000310742	0.00013629	5.39609e-05	1.89138e-05	5.74185e-06	1.4714e-06	3.08749e-07	5.11859e-08	7.01605e-09	
606869	4.84124e-06	6.31457e-05	0.000261057	0.000759678	0.00186145	0.00412816	0.00857818	0.0169247	0.0315981	0.0549106	0.0866572	0.120898	0.145689	0.149509	0.130466	0.0980037	0.0649017	0.0390586	0.0220006	0.0118457	0.00615476	0.0030882	0.00148928	0.00068321	0.000293253	0.000115246	4.04507e-05	1.23435e-05	3.18039e-06	6.69998e-07	1.1131e-07	1.52672e-08	
616869	4.68105e-06	5.96143e-05	0.000242477	0.000695457	0.00167056	0.00358619	0.00708967	0.0131014	0.0227915	0.0374024	0.0577687	0.0833581	0.110885	0.133381	0.141791	0.130417	0.102564	0.0692409	0.0410079	0.0220455	0.0111337	0.00539607	0.00251735	0.00111891	0.0004662	0.000178571	6.14458e-05	1.84867e-05	4.71658e-06	9.86674e-07	1.63064e-07	2.2265e-08	
626869	1.28319e-07	2.07855e-06	1.21955e-05	4.95219e-05	0.000158818	0.000428634	0.00101127	0.00213731	0.0041152	0.0073104	0.0121104	0.0188937	0.0280058	0.0397002	0.0539691	0.0702548	0.0871522	0.102269	0.11245	0.114581	0.106811	0.0896684	0.0665264	0.0427409	0.0233269	0.0106477	0.00402268	0.00125055	0.000317769	6.49074e-05	1.03172e-05	1.31796e-06	
636869	2.85953e-06	3.20601e-05	0.000114701	0.000289421	0.000612492	0.00116185	0.00204001	0.0033748	0.00531736	0.00803818	0.0117246	0.0165854	0.0228734	0.0309346	0.0412795	0.0545932	0.071453	0.0914337	0.111636	0.125816	0.126325	0.109397	0.0796156	0.0478569	0.0235964	0.00956591	0.0032037	0.000885103	0.000199781	3.63122e-05	5.21743e-06	6.2085e-07	
646869	2.17548e-05	0.000277366	0.00109555	0.00296949	0.0065801	0.0127505	0.022274	0.0355401	0.052048	0.0701055	0.0869518	0.0993525	0.104646	0.101911	0.0924474	0.0790507	0.0645554	0.0507753	0.038458	0.0278787	0.0192684	0.0127429	0.00810209	0.00491972	0.0027939	0.00144436	0.000661698	0.000261573	8.67239e-05	2.33638e-05	4.93365e-06	8.80105e-07	
656869	3.6151e-07	6.83587e-06	3.84498e-05	0.000146431	0.000454149	0.00123029	0.00300471	0.00671058	0.0137623	0.0258562	0.0442175	0.068247	0.0942194	0.115524	0.125488	0.121267	0.105478	0.0840971	0.0628029	0.0448198	0.0309924	0.0208341	0.013501	0.0082962	0.00473919	0.00246365	0.00113885	0.000456272	0.000153917	4.23068e-05	9.12878e-06	1.66928e-06	
666869	7.34081e-07	1.11368e-05	5.15519e-05	0.000163865	0.000430075	0.00100213	0.00214532	0.00429372	0.00811336	0.0145601	0.0248718	0.0403076	0.0613364	0.0863144	0.110678	0.128019	0.132788	0.122805	0.100451	0.0720463	0.0450645	0.024608	0.0118339	0.00508914	0.00198934	0.000711167	0.000229593	6.51402e-05	1.57313e-05	3.13e-06	4.95462e-07	6.51042e-08	
676869	1.69958e-05	0.000185788	0.000653211	0.00163813	0.00349476	0.00678848	0.0123777	0.0214112	0.0350246	0.0534967	0.0750399	0.095244	0.10844	0.110782	0.102671	0.0881949	0.0721383	0.0574822	0.0451096	0.0348112	0.0261595	0.0188741	0.0128683	0.0081554	0.00472387	0.00245624	0.00112385	0.000442286	0.000145807	3.90469e-05	8.19714e-06	1.45304e-06	
686869	1.8674e-05	0.000222471	0.000891007	0.00263118	0.00655143	0.014092	0.0262727	0.0426206	0.060727	0.0772362	0.0895719	0.0966278	0.0980642	0.0938121	0.084577	0.0722044	0.0590406	0.0469145	0.0366529	0.0282639	0.021386	0.0156577	0.0108898	0.00705526	0.00417653	0.00221543	0.00103136	0.000411733	0.000137285	3.709e-05	7.83945e-06	1.39787e-06	
696869	5.33342e-06	7.33839e-05	0.000327455	0.00104101	0.00276678	0.00646177	0.0134708	0.0251511	0.0420269	0.0627748	0.0838361	0.100389	0.108481	0.106976	0.0977839	0.0843031	0.0695628	0.0554366	0.0428351	0.0321074	0.0232886	0.0162415	0.0107696	0.0066878	0.00382157	0.00197137	0.000898938	0.000353821	0.000116957	3.1459e-05	6.64023e-06	1.18511e-06	
706869	8.31726e-06	9.28463e-05	0.000331936	0.000841841	0.00180522	0.00350438	0.00636222	0.0109738	0.0180859	0.0284553	0.042532	0.059989	0.0792423	0.0972087	0.109757	0.113349	0.107187	0.0936739	0.0764316	0.0582346	0.0408273	0.0257227	0.0142421	0.00683462	0.00283623	0.0010257	0.000326233	9.10588e-05	2.18711e-05	4.37437e-06	7.00016e-07	9.32087e-08	
716869	0.000442198	0.00418305	0.0131019	0.0300293	0.0562942	0.0862907	0.108165	0.113758	0.105934	0.0931291	0.0806345	0.0693826	0.058816	0.0485529	0.0386583	0.0295208	0.0216031	0.0151902	0.010292	0.00671571	0.00419753	0.0024889	0.00138209	0.000707662	0.000328212	0.000135212	4.84429e-05	1.47524e-05	3.72431e-06	7.58106e-07	1.20599e-07	1.56852e-08	
726869	5.17085e-05	0.000588748	0.00243879	0.00749619	0.0178958	0.0331708	0.0489813	0.0606845	0.0677551	0.0727487	0.0771253	0.0801472	0.0806223	0.0781024	0.0728385	0.0653874	0.0564209	0.0467748	0.0373982	0.0290269	0.0219247	0.015998	0.0110982	0.00717836	0.00424466	0.00224981	0.00104677	0.000417702	0.000139227	3.76034e-05	7.94577e-06	1.41639e-06	
736869	1.42249e-07	1.8836e-06	7.98781e-06	2.40557e-05	6.14722e-05	0.000143443	0.000318257	0.000687704	0.00146173	0.0030467	0.00615937	0.0119377	0.0219948	0.0382748	0.0623321	0.0934977	0.126233	0.149373	0.151159	0.128694	0.0920076	0.0561973	0.0303264	0.0149531	0.00681365	0.00282383	0.00103482	0.000326398	8.6481e-05	1.87407e-05	3.21078e-06	4.56203e-07	
746869	4.40596e-08	3.7647e-06	4.84875e-05	0.000320025	0.00146041	0.00518336	0.0150107	0.0358358	0.069851	0.109562	0.137411	0.139495	0.118989	0.0907399	0.0665545	0.0497445	0.038719	0.0310853	0.025186	0.0201365	0.0155636	0.0114127	0.00780166	0.00488623	0.0027534	0.00136851	0.000586733	0.000211587	6.23624e-05	1.45395e-05	2.58357e-06	3.66465e-07	
756869	3.95134e-07	4.5046e-06	1.66448e-05	4.44911e-05	0.000103194	0.000222948	0.000462082	0.000925656	0.00178467	0.00328735	0.00576496	0.00966677	0.0156775	0.0248992	0.0388675	0.0589005	0.0842983	0.110101	0.127445	0.128954	0.114838	0.0921937	0.0686161	0.0479809	0.0311954	0.0183399	0.00941756	0.00407433	0.00143141	0.000392805	8.06907e-05	1.3092e-05	
766869	2.44845e-05	0.000296053	0.00114603	0.00313316	0.00720019	0.0148785	0.0283917	0.0500171	0.0798366	0.112634	0.137853	0.145443	0.132862	0.106028	0.0746606	0.0470358	0.0271236	0.0147846	0.00788006	0.00420308	0.00225152	0.00119403	0.000612575	0.000296857	0.000132921	5.38384e-05	1.92973e-05	5.97569e-06	1.55616e-06	3.3049e-07	5.52573e-08	7.62278e-09	
776869	2.8389e-08	1.35453e-06	1.21098e-05	5.91085e-05	0.00021307	0.000639114	0.00167238	0.00387463	0.00797608	0.0146395	0.0241572	0.0363322	0.0506088	0.0661336	0.0814764	0.0944098	0.102434	0.103909	0.0987751	0.0882364	0.0739547	0.0576243	0.0410587	0.026195	0.0146257	0.00698416	0.00278915	0.00091161	0.000238805	4.90876e-05	7.73099e-06	9.78085e-07	
786869	3.76819e-07	6.24415e-06	3.14363e-05	0.000108868	0.000313943	0.000813695	0.00195412	0.00437043	0.00904324	0.0171834	0.0299061	0.0478099	0.070537	0.0961018	0.119891	0.134545	0.133105	0.114712	0.0865038	0.0582024	0.0357288	0.0202329	0.0105386	0.00500369	0.00214683	0.000824508	0.000279323	8.16488e-05	2.00245e-05	3.99235e-06	6.25203e-07	8.01629e-08	
796869	3.85232e-07	5.52794e-06	2.51077e-05	8.05574e-05	0.000218724	0.000540148	0.00125734	0.00280654	0.00602462	0.0123135	0.0235024	0.0409703	0.0640508	0.0888869	0.109351	0.120045	0.119088	0.108355	0.0915339	0.0722576	0.0533199	0.0365849	0.0231324	0.0133511	0.00697491	0.0032704	0.00136055	0.000493586	0.000152364	3.87752e-05	7.83326e-06	1.34577e-06	
806869	2.61135e-06	2.99708e-05	0.000112235	0.000303738	0.000705775	0.00149851	0.00298119	0.00560801	0.00999113	0.0168271	0.0267012	0.0397579	0.0553165	0.071659	0.0863305	0.0970404	0.102523	0.10247	0.0967799	0.0854268	0.0693698	0.0512176	0.0343152	0.020985	0.0117631	0.00600065	0.00272982	0.00107681	0.000356989	9.61947e-05	2.03075e-05	3.6185e-06	
816869	2.58208e-06	7.99788e-05	0.000515471	0.00198175	0.00572958	0.0135822	0.0274717	0.0483468	0.0746746	0.101478	0.121382	0.128193	0.120701	0.10303	0.0812407	0.0600455	0.042006	0.0280201	0.0178925	0.0109111	0.00630006	0.00340614	0.00170681	0.00078622	0.000330463	0.000125593	4.2577e-05	1.26204e-05	3.18403e-06	6.61524e-07	1.0894e-07	1.48495e-08	
826869	2.16994e-07	3.76132e-06	1.98727e-05	7.18386e-05	0.000213704	0.000564199	0.00137412	0.00314972	0.00683554	0.0139517	0.0263348	0.0450203	0.0685678	0.0924937	0.110925	0.119254	0.116185	0.104102	0.0871958	0.0689869	0.0514957	0.0358718	0.0229385	0.0132095	0.00671546	0.00295625	0.00110645	0.00034597	8.87817e-05	1.83204e-05	2.96002e-06	3.92109e-07	
836869	1.07748e-08	6.13599e-07	6.7526e-06	4.02733e-05	0.000169182	0.000561404	0.001564	0.00379344	0.00820366	0.0160802	0.0288596	0.0475458	0.0714879	0.097032	0.117843	0.127839	0.12433	0.108838	0.0860943	0.0620122	0.0412185	0.0256688	0.0151007	0.00834533	0.00425442	0.00195263	0.000786434	0.000270934	7.77841e-05	1.80988e-05	3.30815e-06	5.06066e-07	
846869	3.88117e-06	7.51517e-05	0.000374772	0.00118357	0.00292397	0.00614764	0.0114751	0.0194886	0.0305784	0.0446995	0.061017	0.0776597	0.092022	0.101693	0.105374	0.103008	0.0950554	0.0819347	0.0645931	0.0454814	0.0281091	0.0151537	0.00716798	0.00302367	0.00116129	0.00041142	0.000133545	3.86687e-05	9.62724e-06	1.98144e-06	3.23713e-07	4.37796e-08	
856869	5.0847e-05	0.000534008	0.00176309	0.00403909	0.00762779	0.0126864	0.0191976	0.0269426	0.0355338	0.044503	0.0533987	0.0618293	0.0694118	0.0756605	0.0799334	0.0815405	0.0799898	0.0752058	0.0675805	0.0578619	0.0469849	0.0359308	0.0256259	0.0168367	0.0100436	0.00534962	0.00249569	0.000997283	0.000332639	8.98669e-05	1.89903e-05	3.38484e-06	
866869	5.60817e-07	7.74966e-06	3.3943e-05	0.000105851	0.000284327	0.00071039	0.00169467	0.00384802	0.00821071	0.01628	0.02972	0.049464	0.0742854	0.0997676	0.119158	0.126558	0.120363	0.103881	0.0826674	0.0613651	0.0425599	0.0273621	0.0161224	0.0086218	0.00415225	0.00178674	0.000680067	0.000225805	6.41288e-05	1.51515e-05	2.87038e-06	4.63409e-07	
876869	5.94762e-05	0.000614499	0.00201339	0.00463056	0.00890269	0.0153042	0.0242736	0.0360442	0.0503425	0.0660069	0.0807592	0.0915403	0.0956768	0.0924051	0.0834908	0.0721406	0.0610776	0.0514378	0.0430528	0.035356	0.0280242	0.0211135	0.0149089	0.00972846	0.00577648	0.00306741	0.00142818	0.000569956	0.000189929	5.1274e-05	1.08279e-05	1.92858e-06	
886869	0.000904275	0.00645941	0.0143196	0.022101	0.0287178	0.0341196	0.038746	0.0430617	0.0473369	0.0516223	0.0558035	0.059659	0.0629013	0.0652076	0.0662488	0.0657253	0.0634129	0.0592176	0.0532291	0.045758	0.0373362	0.0286623	0.0204901	0.0134777	0.00804341	0.00428469	0.00199885	0.000798696	0.00026638	7.19599e-05	1.52048e-05	2.70978e-06	
896869	0.00221427	0.0102305	0.0172723	0.0231321	0.0283283	0.0331601	0.0378099	0.0423736	0.0468723	0.0512666	0.0554556	0.0592673	0.0624571	0.0647242	0.0657458	0.0652214	0.0629252	0.0587617	0.0528191	0.0454054	0.0370484	0.0284412	0.020332	0.0133736	0.00798122	0.00425153	0.00198336	0.000792497	0.00026431	7.13994e-05	1.50861e-05	2.68857e-06	
906869	0.00427537	0.0180473	0.0262107	0.0298988	0.032159	0.0345291	0.0374909	0.0410488	0.0450273	0.0491922	0.0532903	0.057055	0.0602023	0.0624309	0.0634359	0.0629371	0.0607234	0.0567061	0.0509715	0.0438172	0.0357525	0.0274465	0.0196209	0.0129059	0.00770216	0.0041029	0.00191404	0.000764804	0.000255076	6.89059e-05	1.45595e-05	2.59476e-06	
916869	0.00302077	0.0127141	0.0196234	0.0247024	0.0291354	0.0333278	0.0374903	0.0417517	0.0461293	0.0505333	0.0547928	0.0586791	0.0619199	0.0642131	0.0652469	0.064734	0.0624572	0.0583252	0.0524269	0.0450684	0.0367735	0.0282303	0.0201812	0.0132745	0.0079221	0.00422006	0.00196869	0.00078664	0.000262358	7.08728e-05	1.4975e-05	2.6688e-06	
926869	0.000441491	0.00391423	0.0103917	0.0186149	0.0272335	0.0353109	0.0423756	0.048245	0.0528897	0.0564076	0.0590172	0.0609935	0.0625433	0.0636824	0.0641845	0.063641	0.0616104	0.0577912	0.0521463	0.0449447	0.036727	0.0282138	0.0201735	0.0132689	0.0079177	0.00421695	0.00196684	0.000785725	0.000261988	7.07537e-05	1.49454e-05	2.66253e-06	
936869	0.000212607	0.0023438	0.0072272	0.0146405	0.0239106	0.034221	0.044669	0.0543014	0.062282	0.0681009	0.0716426	0.0730743	0.0726609	0.0706374	0.0671849	0.0624716	0.0566954	0.0500962	0.0429439	0.0355281	0.0281604	0.0211803	0.0149391	0.00974603	0.0057895	0.00307691	0.00143417	0.000573087	0.000191255	5.1718e-05	1.09419e-05	1.95339e-06	
946869	3.35101e-08	5.88911e-07	3.18076e-06	1.18008e-05	3.5996e-05	9.68614e-05	0.000238039	0.000544757	0.00117535	0.0024126	0.00474917	0.00902961	0.0166487	0.0296455	0.0501409	0.0783411	0.109566	0.133759	0.141042	0.12943	0.105493	0.0777721	0.0519347	0.0309196	0.0160504	0.00713061	0.00268344	0.000853491	0.00022911	5.12542e-05	9.26313e-06	1.4298e-06	
956869	2.91552e-06	3.30132e-05	0.0001198	0.000308264	0.000669779	0.00131612	0.002424	0.00428054	0.00735488	0.0123582	0.0201791	0.0316009	0.0469216	0.0656897	0.0863693	0.105712	0.118738	0.120714	0.110401	0.0912304	0.068747	0.0473496	0.0294399	0.01613	0.00758469	0.00299814	0.000985154	0.000268495	6.07422e-05	1.13311e-05	1.70425e-06	2.15185e-07	
966869	1.58664e-05	0.000182974	0.000675231	0.0017595	0.00383964	0.00747057	0.013314	0.0219838	0.0337483	0.0481428	0.0636983	0.0780845	0.0888144	0.0942368	0.0942396	0.0901409	0.0835661	0.0750874	0.0642499	0.0510267	0.0367688	0.0236644	0.013498	0.00682784	0.00308219	0.00124633	0.000448058	0.000140267	3.71282e-05	8.02989e-06	1.36541e-06	1.90879e-07	
976869	8.42952e-05	0.00102417	0.00373704	0.00907329	0.017459	0.0285181	0.0409796	0.0529943	0.0627625	0.0692824	0.0728626	0.0747712	0.0759248	0.0758817	0.0734229	0.0680239	0.0604182	0.0518773	0.0433382	0.0351924	0.0275562	0.0205517	0.0143947	0.00932844	0.00550583	0.00290918	0.00134953	0.000537343	0.000178884	4.82932e-05	1.02058e-05	1.82017e-06	
986869	0.000104754	0.00105041	0.00332368	0.00730889	0.0132364	0.0210379	0.030257	0.0400895	0.0495682	0.0578157	0.0642537	0.0686942	0.0712876	0.0723407	0.0720834	0.0705251	0.0674868	0.0627667	0.056324	0.0483895	0.0394758	0.030303	0.0216624	0.0142484	0.00850315	0.00452947	0.00211297	0.000844268	0.000281569	7.60595e-05	1.60703e-05	2.86384e-06	
996869	1.06348e-05	0.000167494	0.000834516	0.00282136	0.00756311	0.0170124	0.0329604	0.0557384	0.0828466	0.108644	0.126032	0.129672	0.118791	0.0975917	0.0729142	0.050706	0.0337873	0.0221359	0.0144818	0.00950318	0.0062252	0.00402061	0.00251578	0.00149486	0.000825919	0.000415109	0.000185429	7.178e-05	2.34117e-05	6.23261e-06	1.30607e-06	2.3208e-07	
1.00687e+06	4.75661e-06	7.40173e-05	0.000356246	0.0011762	0.003143	0.00717246	0.0142549	0.0248696	0.0382869	0.0524153	0.0646657	0.0732947	0.0780697	0.0798222	0.0795442	0.0778078	0.0746869	0.0699666	0.0634335	0.0551257	0.0454585	0.0351993	0.0253083	0.0166939	0.00996769	0.00530502	0.00247146	0.000986297	0.000328633	8.87121e-05	1.87324e-05	3.33591e-06	
1.01687e+06	2.80286e-07	3.51246e-06	1.42199e-05	4.122e-05	0.000102119	0.000232128	0.00050225	0.00105605	0.00217897	0.00441118	0.00868348	0.0163669	0.0289898	0.0473481	0.0701581	0.0933534	0.111388	0.120012	0.118004	0.106754	0.0890961	0.0684756	0.0482459	0.0309501	0.0179064	0.00922822	0.00417072	0.0016213	0.000529226	0.00014084	2.94878e-05	5.2278e-06	
1.02687e+06	6.25442e-06	6.94843e-05	0.000246664	0.000619792	0.00131536	0.00253125	0.00458325	0.00797556	0.0134828	0.0221904	0.0353812	0.0540932	0.0781655	0.10484	0.127822	0.138701	0.131622	0.108024	0.0763612	0.0466199	0.024864	0.0118468	0.00519344	0.00214661	0.000842839	0.000310401	0.000104334	3.09408e-05	7.81477e-06	1.62182e-06	2.66246e-07	3.61198e-08	
1.03687e+06	9.32355e-05	0.000917367	0.0028357	0.00608138	0.0107536	0.0167519	0.0237462	0.0312095	0.0385283	0.0451641	0.050803	0.0554394	0.0593917	0.0632243	0.067465	0.0720919	0.0761294	0.0778159	0.0753611	0.0678644	0.0559389	0.0416887	0.0278782	0.016695	0.00896908	0.0043227	0.0018536	0.000693913	0.000220705	5.77218e-05	1.19536e-05	2.106e-06	
1.04687e+06	1.0536e-05	0.000156808	0.000725344	0.00221786	0.00529688	0.0106186	0.0186171	0.0293095	0.0421486	0.0559485	0.06898	0.0793425	0.085557	0.0870894	0.0844716	0.0789251	0.0717251	0.0637121	0.055214	0.0463176	0.0371965	0.0282542	0.0200501	0.0131197	0.00780158	0.0041463	0.00193179	0.000771483	0.000257293	6.95228e-05	1.46962e-05	2.6207e-06	
1.05687e+06	6.66041e-06	0.000120115	0.000641002	0.0022477	0.0060889	0.013551	0.0256501	0.0423665	0.0623736	0.0832291	0.101716	0.11424	0.117639	0.110565	0.0946599	0.0741847	0.0539036	0.036947	0.024255	0.0153585	0.00935037	0.00541317	0.0029375	0.00147221	0.000671387	0.000274193	9.84517e-05	3.04051e-05	7.8694e-06	1.65598e-06	2.73576e-07	3.7115e-08	
1.06687e+06	0.000152535	0.0014282	0.00419976	0.00856361	0.0143806	0.0212666	0.0287047	0.0362225	0.0435111	0.0504228	0.056883	0.0627785	0.0678726	0.0717845	0.0740488	0.0742312	0.0720489	0.0674521	0.0606514	0.0521052	0.0424817	0.0325943	0.0232946	0.015321	0.00914344	0.00487081	0.00227237	0.000908028	0.00030286	8.18188e-05	1.7289e-05	3.08144e-06	
1.07687e+06	2.89027e-05	0.000729524	0.00401422	0.0124266	0.0271843	0.0466473	0.0668862	0.0835857	0.0936558	0.0960327	0.0917267	0.0831038	0.0727508	0.0625649	0.0534321	0.0454328	0.0382891	0.0317417	0.0256938	0.0201749	0.0152603	0.011024	0.00752211	0.00478206	0.00278673	0.00146103	0.000674736	0.000268037	8.91514e-05	2.40732e-05	5.09329e-06	9.10487e-07	
1.08687e+06	1.1398e-06	1.31268e-05	4.85572e-05	0.000127721	0.00028465	0.000575794	0.00109403	0.00199042	0.00350568	0.00601224	0.0100676	0.016481	0.0263754	0.0411161	0.0617342	0.0874493	0.113868	0.133086	0.137385	0.124174	0.0976703	0.0663572	0.0386468	0.01925	0.00825095	0.00307431	0.000999389	0.000280381	6.62566e-05	1.27745e-05	1.93975e-06	2.40912e-07	
1.09687e+06	2.54364e-09	8.23897e-08	5.36964e-07	2.15551e-06	6.90107e-06	1.96223e-05	5.25903e-05	0.000137928	0.000361	0.00094162	0.00239687	0.0057791	0.0128553	0.0259068	0.046684	0.0742478	0.102787	0.122844	0.12781	0.119175	0.10322	0.0846172	0.0652078	0.046216	0.029419	0.0164873	0.00799882	0.00330067	0.00113244	0.000313282	6.71934e-05	1.19661e-05	
1.10687e+06	0.00011488	0.0018432	0.00762007	0.0199035	0.0403562	0.0683615	0.0994564	0.125367	0.137167	0.13064	0.109495	0.0826085	0.0578833	0.0389251	0.025843	0.0172841	0.0117653	0.00816076	0.00573497	0.00403897	0.00280894	0.00189677	0.00122226	0.000738883	0.000411844	0.00020777	9.29178e-05	3.59701e-05	1.17268e-05	3.11928e-06	6.52738e-07	1.15678e-07	
1.11687e+06	2.63717e-06	2.98101e-05	0.000108263	0.000280561	0.000620202	0.00125537	0.00240764	0.00444759	0.00795972	0.0137805	0.0229047	0.0360783	0.0530457	0.0720147	0.0901714	0.104845	0.11376	0.114492	0.105246	0.0871065	0.0647669	0.0438747	0.0276584	0.0163917	0.00904855	0.00455141	0.0020322	0.000783633	0.000253457	6.65949e-05	1.37137e-05	2.37914e-06	
1.12687e+06	5.85278e-06	6.6013e-05	0.000241863	0.000641511	0.00147546	0.00315537	0.00645533	0.0127025	0.0238165	0.0417754	0.0670468	0.0963546	0.121921	0.134648	0.12995	0.110813	0.0850949	0.060262	0.0402899	0.025876	0.0160946	0.00969378	0.00562093	0.00310629	0.00161241	0.00077107	0.000331699	0.00012488	3.9908e-05	1.04659e-05	2.16916e-06	3.8213e-07	
1.13687e+06	3.4019e-06	4.18752e-05	0.000177854	0.00056318	0.00153926	0.00378701	0.00848609	0.0173374	0.0321924	0.0540646	0.0816464	0.110132	0.131727	0.138788	0.128353	0.104404	0.0753864	0.0490884	0.0293655	0.0163982	0.00863613	0.00431232	0.00204465	0.000917348	0.000385428	0.000148987	5.17415e-05	1.56997e-05	4.03557e-06	8.49671e-07	1.41177e-07	1.93652e-08	
