1311	0.00635727	0.0205107	0.0367133	0.0540707	0.0712633	0.0866375	0.0984122	0.104989	0.105311	0.0991853	0.0874501	0.0719046	0.0549418	0.0389501	0.0256867	0.0159039	0.00940234	0.00542176	0.00309929	0.00176056	0.000984218	0.000533951	0.000276974	0.000135131	6.0859e-05	2.47868e-05	8.92907e-06	2.77701e-06	7.25805e-07	1.54608e-07	2.59148e-08	3.58329e-09	
11311	6.01622e-07	1.18332e-05	6.20989e-05	0.000210644	0.000569281	0.00133391	0.00282659	0.00554188	0.0101741	0.0175742	0.0285644	0.0435629	0.0620822	0.0823266	0.101193	0.114854	0.119839	0.114277	0.098868	0.0769866	0.0535519	0.0330718	0.0180559	0.00870348	0.00371172	0.00140286	0.000467307	0.000134984	3.29626e-05	6.5878e-06	1.03745e-06	1.33673e-07	
21311	7.86732e-06	0.000106683	0.000455815	0.00137862	0.00359293	0.00875067	0.0201459	0.0421458	0.0759593	0.113808	0.140539	0.145122	0.12888	0.101617	0.0734665	0.050307	0.0335724	0.0222325	0.0146612	0.00954439	0.00604273	0.00365743	0.00207815	0.00108779	0.00051454	0.000215605	7.83637e-05	2.4146e-05	6.15026e-06	1.25917e-06	2.00801e-07	2.6088e-08	
31311	0.00244387	0.0238288	0.0659733	0.11628	0.15622	0.171599	0.159113	0.125534	0.0835468	0.046859	0.0230655	0.0109247	0.00552473	0.0031498	0.00199751	0.00134583	0.000924214	0.000629668	0.000418439	0.000267962	0.00016371	9.45302e-05	5.10924e-05	2.55686e-05	1.16947e-05	4.81188e-06	1.74716e-06	5.47158e-07	1.4391e-07	3.08286e-08	5.19303e-09	7.2148e-10	
41311	2.52493e-06	9.08483e-05	0.000759371	0.00368196	0.0124161	0.0311056	0.0600359	0.0916459	0.113979	0.120529	0.113876	0.0999914	0.0831637	0.0661852	0.0512875	0.0394972	0.0305171	0.0235682	0.0180091	0.013454	0.00970948	0.00669346	0.0043612	0.00265563	0.00149082	0.000758488	0.00034248	0.000133906	4.40783e-05	1.18314e-05	2.49693e-06	4.46481e-07	
51311	3.90808e-05	0.00054151	0.00271619	0.0108174	0.0362942	0.0932394	0.168536	0.208882	0.183527	0.124094	0.0719857	0.0398166	0.0226509	0.0136368	0.00859399	0.00552884	0.00355407	0.00225276	0.001398	0.000845285	0.000495042	0.000278339	0.000148422	7.39353e-05	3.38157e-05	1.39317e-05	5.06292e-06	1.58552e-06	4.16708e-07	8.91718e-08	1.50036e-08	2.08196e-09	
61311	0.000183983	0.00241557	0.00924847	0.0235454	0.0476502	0.0804587	0.11278	0.128682	0.12134	0.101496	0.0823848	0.0683435	0.0573625	0.0470985	0.0371147	0.0278933	0.0198662	0.0133073	0.00835325	0.00492583	0.00274705	0.00145851	0.000738039	0.000353013	0.000156918	6.34077e-05	2.27346e-05	7.0498e-06	1.83886e-06	3.91132e-07	6.54858e-08	9.04565e-09	
71311	7.77841e-06	0.000262399	0.00210733	0.00924242	0.0285702	0.0688451	0.129315	0.180115	0.183074	0.143472	0.0959307	0.0604312	0.0377908	0.0236006	0.0146346	0.00901898	0.00553588	0.00337388	0.00202904	0.00119697	0.000688208	0.000382036	0.000202007	0.000100057	4.55701e-05	1.87107e-05	6.78055e-06	2.11846e-06	5.55702e-07	1.18725e-07	1.99495e-08	2.76484e-09	
81311	0.00509511	0.0655579	0.219289	0.311036	0.209792	0.0835248	0.0366487	0.0216939	0.013842	0.00916305	0.00636932	0.00455353	0.00330896	0.00246285	0.00189065	0.00148722	0.00117908	0.000925725	0.000709591	0.000525034	0.000371165	0.000248088	0.000155008	8.9381e-05	4.68755e-05	2.19879e-05	9.04849e-06	3.1947e-06	9.43025e-07	2.25867e-07	4.23979e-08	6.63132e-09	
91311	0.000767895	0.035253	0.161461	0.266131	0.217245	0.121511	0.0759776	0.0501967	0.0300527	0.0165989	0.00919044	0.00544916	0.00347499	0.00230802	0.00155052	0.00103569	0.000681881	0.000440702	0.000278933	0.000172272	0.000103108	5.91635e-05	3.20973e-05	1.62066e-05	7.48799e-06	3.10851e-06	1.13629e-06	3.57502e-07	9.43139e-08	2.02448e-08	3.41497e-09	4.74994e-10	
101311	0.00013778	0.00918853	0.0571474	0.183258	0.306255	0.210326	0.0998482	0.04582	0.0236618	0.0144088	0.010019	0.00758982	0.00604543	0.00496606	0.00416608	0.00354343	0.00303007	0.0025781	0.00215753	0.0017555	0.0013733	0.00102139	0.000713738	0.000462476	0.000273741	0.00014548	6.80509e-05	2.73792e-05	9.22526e-06	2.52404e-06	5.41055e-07	9.80951e-08	
111311	1.00137e-05	0.00105566	0.0159987	0.12539	0.314022	0.229149	0.114871	0.0672781	0.0445207	0.0292517	0.0187235	0.0120968	0.00811105	0.00566188	0.0040765	0.00299158	0.00220559	0.00160596	0.00113523	0.000767333	0.000489514	0.000291228	0.000159684	7.97199e-05	3.57788e-05	1.42425e-05	4.95521e-06	1.48148e-06	3.728e-07	7.69048e-08	1.25789e-08	1.70651e-09	
121311	2.61385e-06	0.000250982	0.00755322	0.10817	0.321437	0.235157	0.112984	0.0636038	0.0410814	0.0285689	0.0209229	0.0158655	0.012261	0.00949045	0.0072275	0.00533785	0.0037836	0.00255439	0.00163329	0.000985443	0.000559969	0.000299362	0.000150282	7.05066e-05	3.06231e-05	1.21241e-05	4.28313e-06	1.31542e-06	3.41002e-07	7.22293e-08	1.20559e-08	1.66087e-09	
131311	0.000137366	0.00530639	0.0444462	0.209941	0.40229	0.231629	0.0694336	0.0198634	0.00733249	0.00355684	0.00206234	0.00131305	0.000874612	0.000594608	0.000407148	0.000278775	0.000189973	0.000128158	8.49298e-05	5.47355e-05	3.39176e-05	1.99681e-05	1.10303e-05	5.64053e-06	2.63043e-06	1.09979e-06	4.04308e-07	1.27791e-07	3.38408e-08	7.28693e-09	1.23243e-09	1.71847e-10	
141311	0.000365375	0.00739029	0.0420327	0.158237	0.284205	0.206471	0.117175	0.0671442	0.0364818	0.0198545	0.0119339	0.00830007	0.00654098	0.00557222	0.00493571	0.00443129	0.00396549	0.00349465	0.00300285	0.00249259	0.00197969	0.00148892	0.00104825	0.000681908	0.000403842	0.000214056	9.95757e-05	3.9742e-05	1.32566e-05	3.5853e-06	7.59037e-07	1.35672e-07	
151311	4.16701e-05	0.00098114	0.00526903	0.0170911	0.0404156	0.0735534	0.105781	0.123138	0.119781	0.103271	0.0858807	0.0727327	0.0622031	0.0520644	0.0417645	0.0318453	0.0230698	0.0159207	0.0104864	0.00658146	0.00391264	0.00218298	0.00113058	0.000537379	0.000231752	8.96042e-05	3.06295e-05	9.09256e-06	2.28933e-06	4.74342e-07	7.79628e-08	1.06169e-08	
161311	1.62776e-06	5.11492e-05	0.000330328	0.00130214	0.00410372	0.0113022	0.0265288	0.0528356	0.0883631	0.121509	0.137578	0.131385	0.109845	0.0841224	0.0618575	0.0452768	0.0335823	0.0253234	0.0192721	0.0145924	0.0108173	0.00773184	0.00524917	0.00333113	0.00194176	0.00102003	0.000472817	0.000188865	6.32741e-05	1.72323e-05	3.67973e-06	6.64555e-07	
171311	8.43529e-05	0.00277212	0.0221873	0.103736	0.259093	0.299336	0.182884	0.0756367	0.028098	0.0116563	0.00573831	0.00319351	0.00192116	0.00122301	0.00081138	0.00055218	0.000379304	0.000258954	0.000173263	0.000112237	6.96281e-05	4.09371e-05	2.25605e-05	1.15106e-05	5.35951e-06	2.23937e-06	8.23371e-07	2.60422e-07	6.90234e-08	1.48743e-08	2.51685e-09	3.50923e-10	
181311	9.30561e-06	0.000599063	0.00777841	0.0569079	0.172988	0.213881	0.151813	0.0917643	0.0580157	0.0406854	0.0320173	0.0273812	0.0244101	0.0220572	0.0198861	0.0177121	0.0154529	0.0130822	0.0106318	0.00819829	0.00592632	0.00396611	0.00242525	0.00133612	0.000653145	0.000278664	0.000101926	3.13436e-05	7.93047e-06	1.61082e-06	2.55161e-07	3.29853e-08	
191311	0.00235012	0.0514904	0.167569	0.263781	0.258963	0.152759	0.057244	0.0182312	0.00707714	0.00396983	0.00288764	0.00237092	0.00204578	0.00179664	0.00157763	0.00136813	0.00116059	0.000955433	0.000757809	0.000574988	0.000414175	0.000280773	0.000177292	0.000102988	5.4226e-05	2.54309e-05	1.04098e-05	3.6333e-06	1.05256e-06	2.45356e-07	4.44001e-08	6.5754e-09	
201311	2.08977e-06	4.91115e-05	0.00041777	0.00269323	0.0100931	0.0237239	0.0459261	0.0778412	0.108851	0.12747	0.130423	0.119766	0.0998524	0.0765486	0.0552261	0.0386877	0.0270428	0.0190359	0.0133484	0.00913894	0.00599278	0.00370626	0.0021342	0.00113019	0.000542849	0.000232545	8.70285e-05	2.7761e-05	7.33666e-06	1.55595e-06	2.55555e-07	3.39217e-08	
211311	0.00127858	0.035189	0.13537	0.270883	0.255789	0.132136	0.061252	0.0355713	0.0235964	0.0160928	0.0109983	0.0074656	0.00499899	0.00329897	0.00215889	0.00141293	0.000928281	0.000609322	0.000395038	0.000249459	0.000151403	8.72641e-05	4.72218e-05	2.37007e-05	1.08789e-05	4.49131e-06	1.63521e-06	5.13113e-07	1.3514e-07	2.89769e-08	4.88435e-09	6.78965e-10	
221311	4.55313e-05	0.00409209	0.0477042	0.198362	0.254932	0.164647	0.0947539	0.0645723	0.049384	0.038036	0.0279755	0.0194572	0.0129317	0.00835679	0.00534078	0.00341797	0.00220421	0.00143178	0.000930161	0.000596719	0.000371917	0.000221288	0.000123508	6.3555e-05	2.9631e-05	1.22893e-05	4.4453e-06	1.37216e-06	3.52753e-07	7.34719e-08	1.20095e-08	1.61537e-09	
231311	9.33454e-05	0.00236408	0.0328113	0.15815	0.206573	0.154026	0.103254	0.0669636	0.0456407	0.0339795	0.0274757	0.023878	0.0218574	0.020522	0.0193067	0.0178803	0.0160777	0.013872	0.011362	0.00874345	0.00625614	0.00411709	0.00246267	0.00132153	0.000626998	0.000258787	9.13039e-05	2.70335e-05	6.5904e-06	1.29631e-06	2.00886e-07	2.5759e-08	
241311	0.00320196	0.0801681	0.258647	0.351058	0.210248	0.0649065	0.0179588	0.00643576	0.00292713	0.00156464	0.000936422	0.000602484	0.000407387	0.000285213	0.000203554	0.000145905	0.00010377	7.25237e-05	4.93763e-05	3.24617e-05	2.04141e-05	1.21533e-05	6.77151e-06	3.48604e-06	1.63426e-06	6.86149e-07	2.53093e-07	8.02158e-08	2.12903e-08	4.59303e-09	7.78028e-10	1.08643e-10	
251311	0.000823165	0.0352225	0.12741	0.176914	0.115939	0.0608224	0.0489079	0.0494752	0.0517133	0.0532222	0.0529275	0.0503055	0.0453514	0.0385059	0.0305531	0.0224946	0.015341	0.00979576	0.00600273	0.00361628	0.00214913	0.00123825	0.000675489	0.000341315	0.000156587	6.39693e-05	2.28047e-05	6.94121e-06	1.76084e-06	3.62283e-07	5.85823e-08	7.80197e-09	
261311	0.00346809	0.0300504	0.0769193	0.128182	0.164472	0.172216	0.150631	0.111609	0.0714119	0.040809	0.0219036	0.0116934	0.00648704	0.00379909	0.00233274	0.00147899	0.000953253	0.000616035	0.000394364	0.000247231	0.000149981	8.69126e-05	4.74468e-05	2.40432e-05	1.11312e-05	4.62632e-06	1.69236e-06	5.32714e-07	1.40586e-07	3.01851e-08	5.09281e-09	7.08501e-10	
271311	1.31112e-07	3.76254e-06	2.89463e-05	0.000139069	0.000501411	0.0014788	0.00376602	0.0085037	0.016976	0.0294907	0.0444218	0.0591562	0.0720165	0.0826333	0.0909661	0.0966372	0.0988167	0.0963129	0.0880501	0.0740477	0.0561954	0.0378654	0.0223838	0.0115266	0.00515731	0.00200333	0.000672507	0.000192461	4.58773e-05	8.84869e-06	1.33827e-06	1.65445e-07	
281311	0.00013738	0.0023058	0.0117559	0.0370405	0.0821236	0.135243	0.170448	0.167295	0.130881	0.0863428	0.0529844	0.0333674	0.022444	0.0159791	0.0118744	0.00915505	0.00728157	0.00590487	0.00479956	0.00383984	0.00297442	0.0021984	0.00152875	0.000985746	0.000580078	0.000306033	0.000141853	5.64512e-05	1.87825e-05	5.06767e-06	1.07032e-06	1.90785e-07	
291311	6.20182e-05	0.00112761	0.00510352	0.0140173	0.0288023	0.048076	0.0674938	0.0804642	0.0823048	0.0754045	0.0674243	0.0637225	0.0642847	0.0666128	0.0680927	0.0664231	0.0601319	0.0494856	0.0366228	0.0243584	0.0146628	0.00806801	0.00408594	0.00190323	0.000808793	0.00030979	0.0001054	3.12591e-05	7.87942e-06	1.6349e-06	2.68873e-07	3.65969e-08	
301311	0.000156821	0.00192448	0.00852635	0.0259524	0.0591453	0.104253	0.145143	0.162517	0.149718	0.117484	0.0823982	0.0542949	0.0346981	0.0216767	0.0132111	0.00787062	0.0046252	0.00271161	0.00159581	0.000939069	0.000545245	0.000306709	0.000163992	8.18395e-05	3.74448e-05	1.54181e-05	5.59775e-06	1.75122e-06	4.59814e-07	9.83105e-08	1.65283e-08	2.29177e-09	
311311	3.10491e-06	7.27262e-05	0.000545795	0.00256728	0.00867136	0.0224544	0.0462888	0.0776723	0.10775	0.125858	0.127572	0.117059	0.100882	0.0825318	0.0634223	0.0452644	0.029944	0.0184778	0.010752	0.00596626	0.0031809	0.00163169	0.000801436	0.000372952	0.000161817	6.41206e-05	2.26531e-05	6.94869e-06	1.79789e-06	3.80045e-07	6.33166e-08	8.70726e-09	
321311	2.58872e-07	5.06594e-06	3.95225e-05	0.000228533	0.00104277	0.00379105	0.0109488	0.0250601	0.0457479	0.0679183	0.0848167	0.0931351	0.0941479	0.0908767	0.0855505	0.0790867	0.0716126	0.0630617	0.0535066	0.0432486	0.0328378	0.0230523	0.0147229	0.0084258	0.00425927	0.00187437	0.000706443	0.000223551	5.79487e-05	1.19427e-05	1.8903e-06	2.38641e-07	
331311	4.95343e-06	8.36941e-05	0.000397425	0.00123689	0.00307436	0.00660915	0.0127808	0.0226639	0.0370388	0.0554559	0.0752366	0.0918146	0.101205	0.102692	0.0986875	0.0918326	0.0827167	0.0705167	0.0552487	0.0389153	0.0244581	0.0138367	0.00719946	0.00352519	0.00163791	0.00071248	0.000282069	9.834e-05	2.92028e-05	7.1378e-06	1.38373e-06	2.27336e-07	
341311	0.000309656	0.0030598	0.00950586	0.0204673	0.0362106	0.0560387	0.0779047	0.0982782	0.112725	0.117551	0.111802	0.0978228	0.079655	0.0609022	0.0438488	0.0296916	0.0189005	0.011359	0.00650653	0.00359357	0.00193027	0.0010093	0.000509247	0.000243819	0.000108445	4.37911e-05	1.56779e-05	4.85317e-06	1.26379e-06	2.68414e-07	4.48826e-08	6.19228e-09	
351311	4.10527e-05	0.000506811	0.00194752	0.0051426	0.0110785	0.0207714	0.0349431	0.0535837	0.0754427	0.0975122	0.114975	0.122635	0.11782	0.102288	0.0810159	0.0592751	0.0405604	0.0261697	0.0159169	0.00906885	0.00482807	0.00242157	0.00115931	0.000531214	0.000229446	9.09697e-05	3.21739e-05	9.87171e-06	2.5532e-06	5.39372e-07	8.98053e-08	1.23426e-08	
361311	3.23029e-06	5.6075e-05	0.000273418	0.000871085	0.00221731	0.00489104	0.009655	0.0171719	0.0275156	0.0399089	0.0529555	0.0651511	0.0753983	0.0831902	0.088225	0.0900216	0.0881139	0.0824247	0.073354	0.0617176	0.0486815	0.0356276	0.0239068	0.0145274	0.00790114	0.0038057	0.00160678	0.000587224	0.000182378	4.68379e-05	9.58633e-06	1.67625e-06	
371311	0.00022879	0.00257285	0.00882049	0.0203536	0.0376047	0.0595623	0.0836608	0.105915	0.121372	0.125561	0.116961	0.0984187	0.0755494	0.0536027	0.0356146	0.0224274	0.0135446	0.00794625	0.00458507	0.0026196	0.00147672	0.000810884	0.000426166	0.000210338	9.5614e-05	3.92283e-05	1.42151e-05	4.4424e-06	1.16553e-06	2.48971e-07	4.18015e-08	5.78265e-09	
381311	6.62942e-05	0.000709273	0.00240559	0.005715	0.0113082	0.0199133	0.0322025	0.048569	0.0687215	0.0910522	0.111977	0.126015	0.127662	0.114775	0.0907974	0.0631926	0.0391002	0.0220053	0.0116512	0.00601608	0.00309921	0.0015918	0.000799274	0.000382152	0.000169641	6.83083e-05	2.43807e-05	7.52595e-06	1.95504e-06	4.14378e-07	6.91708e-08	9.52794e-09	
391311	1.23016e-05	0.000141881	0.000528945	0.00140329	0.00313257	0.00624571	0.0114029	0.0192678	0.0302563	0.0442046	0.0600871	0.0759772	0.0893684	0.0978068	0.0996606	0.0947821	0.084677	0.0718428	0.058589	0.0462699	0.0353688	0.0259609	0.0180508	0.0116875	0.00691603	0.00366752	0.00170675	0.00068104	0.000226951	6.12739e-05	1.29412e-05	2.30537e-06	
401311	1.98286e-05	0.000218628	0.000778719	0.0019939	0.00438908	0.00883689	0.0164405	0.0279032	0.0427672	0.0594746	0.0762058	0.0912349	0.102559	0.107926	0.1057	0.0958744	0.0803559	0.062272	0.044746	0.0299196	0.0186627	0.0108556	0.0058619	0.00291118	0.00131098	0.000525659	0.000183738	5.47046e-05	1.3532e-05	2.70676e-06	4.24719e-07	5.46826e-08	
411311	0.00010136	0.00100349	0.00312945	0.00680872	0.0123285	0.0199283	0.0297889	0.0419667	0.0562083	0.0716267	0.0863955	0.0978561	0.103316	0.101272	0.0922398	0.0784879	0.0628569	0.0476089	0.0340635	0.022865	0.0142648	0.00819533	0.00429886	0.00204129	0.000869318	0.000328636	0.000109024	3.13018e-05	7.63347e-06	1.53993e-06	2.48042e-07	3.32411e-08	
421311	5.1441e-06	5.83014e-05	0.000212682	0.000553142	0.0012232	0.00246603	0.00468799	0.00852738	0.014864	0.0246745	0.0386908	0.056926	0.0781581	0.0994669	0.116229	0.123356	0.117873	0.1011	0.0781427	0.0549191	0.0354181	0.0210572	0.0115186	0.0057509	0.00258806	0.00103371	0.000360055	0.000107195	2.66384e-05	5.3689e-06	8.47853e-07	1.09092e-07	
431311	1.24032e-06	1.49941e-05	6.14454e-05	0.000192864	0.000552961	0.00151282	0.00391545	0.00933651	0.0199782	0.0376305	0.0617294	0.0879801	0.109542	0.120615	0.11943	0.10823	0.091091	0.07192	0.0536183	0.0379603	0.0256671	0.0166311	0.0103005	0.00603672	0.00329282	0.00163718	0.000724581	0.000278074	8.98959e-05	2.37008e-05	4.9129e-06	8.60962e-07	
441311	0.000265608	0.00264402	0.00829591	0.0180977	0.0325567	0.0514476	0.0734487	0.0958824	0.114693	0.125035	0.123044	0.108403	0.0854254	0.0608231	0.0399255	0.0247851	0.0149001	0.00881026	0.00514803	0.0029608	0.00166126	0.000899123	0.000463331	0.000223996	9.99165e-05	4.0355e-05	1.44449e-05	4.4724e-06	1.1653e-06	2.4768e-07	4.14462e-08	5.72244e-09	
451311	0.000174251	0.00191413	0.00633359	0.0140153	0.0247331	0.0372482	0.0494581	0.0590315	0.0644301	0.0657397	0.0645536	0.0628508	0.0617991	0.0614184	0.0610501	0.059948	0.0575741	0.053659	0.0481927	0.0414142	0.0337867	0.0259353	0.0185396	0.0121941	0.00727702	0.00387625	0.00180822	0.000722486	0.00024095	6.50864e-05	1.37516e-05	2.45062e-06	
461311	0.000179879	0.00167656	0.00489992	0.00995584	0.0167873	0.0251686	0.0345997	0.0441241	0.0524264	0.0585623	0.0626969	0.0657342	0.0682528	0.0700942	0.0707142	0.0696072	0.0665038	0.0614077	0.0545673	0.0464298	0.0375848	0.0287021	0.0204586	0.0134386	0.00801581	0.00426924	0.00199153	0.00079575	0.000265393	7.16921e-05	1.5148e-05	2.6996e-06	
471311	5.78209e-07	9.8222e-06	5.02249e-05	0.000174186	0.000492325	0.00121921	0.00274033	0.00569601	0.0110595	0.0201512	0.0344715	0.0551412	0.0817116	0.110483	0.133644	0.14173	0.129974	0.103061	0.0717863	0.045025	0.0259399	0.0138095	0.00675858	0.00301575	0.00121784	0.000441951	0.000142757	4.0431e-05	9.8132e-06	1.97843e-06	3.18708e-07	4.26835e-08	
481311	3.08364e-05	0.000383562	0.00148366	0.00395188	0.00860535	0.0163004	0.0275692	0.0421036	0.0583445	0.0735613	0.0846474	0.0894122	0.0876942	0.081451	0.0734916	0.065773	0.0587449	0.0519705	0.0449804	0.0376398	0.0301312	0.0228305	0.0161839	0.0105917	0.00630371	0.0033533	0.0015633	0.000624453	0.000208228	5.62435e-05	1.18828e-05	2.11754e-06	
491311	7.43069e-07	8.49703e-06	3.13634e-05	8.30469e-05	0.000189256	0.000401734	0.000831577	0.00172029	0.00355854	0.00719898	0.0137829	0.0242714	0.0386951	0.0556859	0.0727112	0.0868879	0.0960418	0.0994616	0.0977595	0.0919807	0.0828467	0.0708047	0.0565883	0.041559	0.0275141	0.0160922	0.00814085	0.00348331	0.00122988	0.000348307	7.65125e-05	1.41106e-05	
501311	3.6678e-08	4.46144e-07	1.75963e-06	4.99321e-06	1.21922e-05	2.76034e-05	6.04835e-05	0.000132078	0.000292938	0.000663911	0.00152325	0.00345827	0.00754663	0.0154173	0.0289655	0.0495609	0.0766848	0.10631	0.130572	0.140778	0.132854	0.110343	0.0815228	0.0539525	0.031824	0.0164512	0.0072882	0.00270079	0.000815051	0.000194206	3.52392e-05	5.11426e-06	
511311	0.000308052	0.00373259	0.0145383	0.0360495	0.0661083	0.0962001	0.116258	0.121197	0.1132	0.0983642	0.0819475	0.0664366	0.0524752	0.0402434	0.0299326	0.0216231	0.0151778	0.0103141	0.00673127	0.00417677	0.00244131	0.0013343	0.000677773	0.000317853	0.00013636	5.28213e-05	1.816e-05	5.42392e-06	1.37161e-06	2.84833e-07	4.68536e-08	6.38188e-09	
521311	1.79052e-06	2.15694e-05	8.54045e-05	0.000243349	0.000587326	0.00127202	0.00253594	0.00471342	0.00822406	0.0135313	0.0210749	0.0311814	0.0439323	0.0589549	0.0751436	0.0904579	0.102103	0.107308	0.10448	0.0940183	0.0781807	0.0600968	0.0426364	0.0277617	0.0164166	0.00868417	0.00403186	0.00160606	0.0005346	0.000144225	3.04427e-05	5.41977e-06	
531311	6.47193e-06	7.9335e-05	0.000309183	0.000841754	0.00189441	0.00375293	0.00674395	0.0111833	0.0173143	0.025259	0.0349971	0.0463684	0.0590521	0.0724542	0.0854599	0.0961796	0.102077	0.100861	0.0918733	0.0768446	0.0591901	0.0423009	0.0282305	0.0175756	0.0100955	0.00525146	0.00241753	0.000959719	0.000319218	8.61529e-05	1.81978e-05	3.24207e-06	
541311	7.30894e-06	8.10419e-05	0.000286885	0.000717477	0.00150978	0.00286158	0.0050516	0.00845853	0.0135638	0.0209066	0.0309478	0.043811	0.0589468	0.0748871	0.0893249	0.0996355	0.103682	0.100553	0.0908932	0.0766745	0.0604681	0.0446145	0.0307181	0.0195923	0.0114332	0.00600206	0.00277617	0.00110425	0.000367436	9.9136e-05	2.09302e-05	3.7274e-06	
551311	5.0592e-06	0.000173614	0.00110437	0.00397299	0.0103549	0.0214616	0.0369916	0.0545162	0.070411	0.0820201	0.0890627	0.0927457	0.09371	0.0912546	0.0844175	0.0733455	0.0595949	0.0454026	0.032681	0.0224115	0.0146862	0.00914079	0.00533132	0.00286619	0.00139717	0.000607558	0.000231543	7.57258e-05	2.07114e-05	4.59081e-06	7.94587e-07	1.12545e-07	
561311	8.09856e-05	0.000891468	0.00309082	0.00743484	0.0147049	0.0254717	0.0397712	0.056798	0.0748003	0.0913359	0.103817	0.11005	0.108612	0.0992395	0.0833072	0.0639072	0.044898	0.0292606	0.0180712	0.0108049	0.00632154	0.00360102	0.00196351	0.00100232	0.000468071	0.000195422	7.12495e-05	2.2127e-05	5.69701e-06	1.18028e-06	1.90316e-07	2.49556e-08	
571311	1.2117e-05	0.000258287	0.0013036	0.00404708	0.00966568	0.0193598	0.0338257	0.0525713	0.0734756	0.0930256	0.107294	0.11326	0.10989	0.0984699	0.0819844	0.0638843	0.0469722	0.0328863	0.0221375	0.014443	0.00915182	0.0055943	0.00325106	0.00176218	0.000872452	0.00038604	0.000149202	4.91504e-05	1.34377e-05	2.96106e-06	5.08962e-07	7.19515e-08	
581311	0.000631219	0.00551607	0.0150211	0.0281913	0.0433463	0.0582924	0.0707691	0.079101	0.0827184	0.082151	0.0785255	0.0730348	0.0666991	0.0602888	0.0542041	0.0483656	0.0423034	0.0355137	0.0279203	0.0200991	0.0130277	0.00752849	0.00386622	0.00176867	0.000725228	0.000267987	8.89688e-05	2.60824e-05	6.55247e-06	1.3593e-06	2.23637e-07	3.04506e-08	
591311	0.000949757	0.00845272	0.0235238	0.0449343	0.0695038	0.0923045	0.108054	0.11338	0.108415	0.0963176	0.081128	0.0658598	0.0519904	0.039984	0.0299121	0.0217355	0.0153409	0.0105263	0.00702014	0.00453295	0.00280856	0.0016476	0.000900835	0.000451579	0.000204147	8.18339e-05	2.85723e-05	8.52165e-06	2.12399e-06	4.31274e-07	6.91831e-08	9.18168e-09	
601311	2.88939e-05	0.000322597	0.00114858	0.00289316	0.00614772	0.0117614	0.0207813	0.0341753	0.0523301	0.0744258	0.0978475	0.117985	0.129085	0.126612	0.110153	0.0844665	0.0571418	0.0344826	0.0189779	0.00981514	0.00491012	0.0024165	0.00116786	0.000544071	0.000237886	9.49719e-05	3.37267e-05	1.03787e-05	2.691e-06	5.6974e-07	9.50461e-08	1.30867e-08	
611311	1.00005e-06	1.21541e-05	4.78168e-05	0.000135698	0.000334019	0.000770259	0.0017222	0.00375056	0.00782992	0.0153184	0.0275689	0.0451133	0.0666691	0.0886967	0.106296	0.115227	0.113735	0.103091	0.0867097	0.0685021	0.0514088	0.03687	0.0251966	0.0162145	0.00964931	0.00519495	0.00246821	0.00100698	0.000342402	9.39138e-05	2.00367e-05	3.58311e-06	
621311	8.06646e-06	9.79034e-05	0.00039146	0.00112723	0.00274393	0.0059541	0.0117295	0.0210435	0.0342596	0.0503966	0.066968	0.0809053	0.0899799	0.0934931	0.0919246	0.0863186	0.0779283	0.0679857	0.0574808	0.0470579	0.0370915	0.0278603	0.0196733	0.0128599	0.00765285	0.00407199	0.00189894	0.000758752	0.000253086	6.83803e-05	1.44515e-05	2.57624e-06	
631311	6.82721e-05	0.000720241	0.00240445	0.00560973	0.010868	0.0186706	0.0293464	0.0429137	0.0589195	0.076267	0.0930456	0.106503	0.113485	0.111539	0.100239	0.0817482	0.0601082	0.0396674	0.0235048	0.0126306	0.00629428	0.0029968	0.00139227	0.000629102	0.000269706	0.000106323	3.74229e-05	1.14367e-05	2.94845e-06	6.21222e-07	1.03205e-07	1.41549e-08	
641311	0.000214661	0.00269765	0.0101854	0.0254792	0.0498789	0.0809694	0.111624	0.132238	0.135891	0.122663	0.0991475	0.073708	0.0519701	0.0356963	0.0242445	0.0162951	0.0107411	0.00686446	0.00421562	0.00247518	0.00138615	0.000738988	0.000373498	0.000177436	7.81289e-05	3.12858e-05	1.11363e-05	3.4343e-06	8.91949e-07	1.89041e-07	3.15524e-08	4.34529e-09	
651311	1.96417e-05	0.000302231	0.00139305	0.00429912	0.0105091	0.021526	0.0377789	0.0574584	0.0764828	0.0902639	0.0961582	0.0945556	0.0878946	0.078853	0.0692218	0.0598088	0.0508411	0.042352	0.0343837	0.0270401	0.0204611	0.0147779	0.010082	0.00641123	0.00373855	0.00196143	0.000906162	0.000359854	0.000119544	3.22094e-05	6.79351e-06	1.20899e-06	
661311	1.76459e-06	4.97159e-05	0.00027508	0.000909046	0.00230616	0.00495461	0.00945819	0.0164519	0.0263787	0.0391004	0.0535539	0.0678794	0.0801772	0.0893385	0.0951196	0.0973492	0.0952532	0.0878731	0.0752305	0.058998	0.0420094	0.0270279	0.0156847	0.00820823	0.00387146	0.00164047	0.000619387	0.000205205	5.82843e-05	1.37674e-05	2.60705e-06	4.21842e-07	
671311	2.43865e-06	0.000102242	0.000741342	0.00283766	0.00762538	0.0161709	0.0287532	0.0444857	0.0614412	0.0772024	0.0895605	0.0970879	0.0993096	0.0964065	0.0888644	0.0775101	0.0637264	0.0493235	0.0360076	0.0248745	0.0162835	0.0100713	0.00584047	0.00314124	0.00154689	0.000687081	0.000270256	9.20109e-05	2.63722e-05	6.15953e-06	1.12928e-06	1.71833e-07	
681311	4.37016e-05	0.000460556	0.00153908	0.00360454	0.00702878	0.0121715	0.0192731	0.028316	0.0389025	0.0502143	0.0611048	0.0703359	0.0769072	0.0803413	0.0807576	0.0786621	0.0745855	0.0688264	0.0614854	0.0527194	0.0429665	0.0329575	0.0235446	0.0154793	0.00923505	0.00491838	0.00229401	0.000916448	0.000305583	8.25293e-05	1.74332e-05	3.10583e-06	
691311	1.01614e-05	0.000119222	0.00044307	0.00114426	0.00242911	0.00451701	0.00759442	0.0117738	0.0170819	0.0234885	0.0309572	0.0394798	0.0490544	0.0595908	0.070746	0.0817125	0.0910346	0.096644	0.0963841	0.0890471	0.0753566	0.0580021	0.0404805	0.0255846	0.0146008	0.00746456	0.00336903	0.0013143	0.000431495	0.000115495	2.42943e-05	4.32378e-06	
701311	0.000555914	0.00514097	0.0147718	0.0290844	0.0465813	0.0647904	0.0808174	0.0921386	0.097303	0.0962179	0.089923	0.0800599	0.0683575	0.056317	0.0450639	0.035277	0.0271913	0.0207098	0.015576	0.0115137	0.00829348	0.00575226	0.00378643	0.00232784	0.00131394	0.000668426	0.000300228	0.00011631	3.78353e-05	1.00195e-05	2.08421e-06	3.66487e-07	
711311	1.55795e-05	0.000175464	0.000625625	0.00156319	0.00325643	0.00604193	0.0103037	0.0164311	0.0247316	0.0352679	0.0476491	0.0609174	0.0736583	0.084304	0.0914596	0.094126	0.0918453	0.0848289	0.0740159	0.0609281	0.0472901	0.0345773	0.0237352	0.0151711	0.00890475	0.00470967	0.00219462	0.000878636	0.000293945	7.96537e-05	1.68746e-05	3.01361e-06	
721311	6.88688e-05	0.000735383	0.0025863	0.00660236	0.0142079	0.0266968	0.0441717	0.0648109	0.0852505	0.101805	0.111478	0.112453	0.104608	0.0899322	0.071962	0.0542402	0.038971	0.026847	0.0177048	0.0111165	0.00660379	0.00368491	0.00191461	0.000916895	0.000399913	0.000156565	5.40395e-05	1.60944e-05	4.03369e-06	8.26486e-07	1.33869e-07	1.79321e-08	
731311	1.2465e-08	5.81242e-07	5.77958e-06	3.30287e-05	0.000135445	0.000437392	0.00116681	0.00265639	0.00531379	0.00959569	0.0159932	0.0249725	0.0367805	0.0510938	0.0667147	0.0817112	0.0940779	0.102295	0.105225	0.101846	0.0916624	0.0755676	0.0562042	0.0371819	0.021585	0.010841	0.00463448	0.00165377	0.000481247	0.000111109	1.97103e-05	2.83704e-06	
741311	0.000190916	0.00191068	0.0060401	0.0134001	0.0249298	0.0413933	0.0623258	0.0849089	0.104386	0.11614	0.11762	0.108994	0.0927656	0.0728073	0.0530892	0.0364691	0.0240585	0.0154971	0.00979012	0.00600895	0.00352672	0.00194933	0.00100219	0.000474232	0.000204441	7.93702e-05	2.73422e-05	8.19456e-06	2.08251e-06	4.34784e-07	7.18506e-08	9.82285e-09	
751311	4.20612e-05	0.000674229	0.0032199	0.00996339	0.0234782	0.044704	0.0707293	0.0945482	0.108321	0.108286	0.0969726	0.0806796	0.0650644	0.0527947	0.0440088	0.0377558	0.0329728	0.0288462	0.0248743	0.0208363	0.0167339	0.0127243	0.00904523	0.00593015	0.00353243	0.00187971	0.000876375	0.000350057	0.000116726	3.15278e-05	6.66106e-06	1.18705e-06	
761311	3.49829e-07	1.22453e-05	8.10498e-05	0.000325599	0.00102943	0.00281854	0.00691249	0.015213	0.0296416	0.0503037	0.0736179	0.0931371	0.103606	0.104316	0.098358	0.0893548	0.0792387	0.068318	0.0564862	0.0441283	0.0322042	0.0217992	0.0136386	0.00787397	0.00418343	0.00202966	0.000885329	0.000339095	0.000110682	2.97437e-05	6.33259e-06	1.1531e-06	
771311	5.71683e-06	8.89107e-05	0.000412874	0.00125492	0.00297798	0.00598695	0.0107402	0.0177793	0.0276173	0.0403777	0.0553023	0.0704911	0.0832963	0.091407	0.0939205	0.0914764	0.085401	0.076803	0.0663889	0.0547944	0.0428244	0.0314035	0.021397	0.0134149	0.00766405	0.00394423	0.00179946	0.000711774	0.000237274	6.44703e-05	1.37484e-05	2.47972e-06	
781311	2.6762e-05	0.000385474	0.00176896	0.00534537	0.0124369	0.0238099	0.0389186	0.0556679	0.0710743	0.0825563	0.0889802	0.0907222	0.088872	0.0843749	0.0777188	0.0691295	0.0589146	0.0476868	0.0363613	0.0259402	0.0172178	0.0105811	0.00599058	0.00310619	0.00146328	0.000619014	0.00023122	7.45365e-05	2.01517e-05	4.41888e-06	7.56686e-07	1.0594e-07	
791311	0.000120341	0.00122866	0.00396345	0.00892687	0.0166871	0.0276396	0.0417967	0.0585079	0.0761817	0.0922078	0.103373	0.106913	0.101804	0.0894446	0.0730993	0.0564055	0.0419418	0.0306715	0.0223211	0.0161375	0.0114468	0.00783448	0.00508789	0.003085	0.00171796	0.000863086	0.000383404	0.000147178	4.75473e-05	1.2538e-05	2.6049e-06	4.59325e-07	
801311	1.36473e-06	2.8488e-05	0.000189644	0.000807843	0.00261946	0.00696904	0.0157143	0.0304268	0.0510241	0.0749696	0.0979623	0.115406	0.123455	0.119941	0.10571	0.08485	0.0626311	0.0429999	0.0277066	0.0168458	0.00968603	0.00525831	0.00267759	0.00126422	0.000545099	0.000210934	7.18866e-05	2.114e-05	5.24241e-06	1.06687e-06	1.72352e-07	2.31042e-08	
811311	1.04429e-05	0.000115489	0.000407136	0.00101185	0.00211056	0.00395511	0.00688837	0.0113608	0.0179127	0.0270572	0.0389954	0.0532075	0.0681789	0.0816177	0.0912289	0.0955934	0.0945384	0.0888355	0.0796196	0.068019	0.0551285	0.0420743	0.0299495	0.0196487	0.0117113	0.00623533	0.00290825	0.00116193	0.00038747	0.000104653	2.2108e-05	3.93894e-06	
821311	2.40555e-05	0.000258239	0.000881717	0.00211584	0.00424249	0.00759313	0.0125143	0.0192936	0.028035	0.0385046	0.0500182	0.0614802	0.0716373	0.0794449	0.0842901	0.0859261	0.0842969	0.0794911	0.0718198	0.0618792	0.0505281	0.038795	0.0277334	0.0182419	0.0108868	0.0057994	0.00270549	0.00108105	0.000360547	9.73956e-05	2.05785e-05	3.66726e-06	
831311	1.85803e-05	0.00021018	0.000773079	0.00204164	0.00458539	0.00928689	0.0173085	0.0297741	0.0470547	0.0678896	0.0890089	0.105874	0.114393	0.112685	0.101856	0.0852714	0.0668735	0.0496872	0.0352748	0.0240099	0.0156256	0.0096402	0.00556393	0.00295534	0.00141866	0.000603696	0.000223057	6.99302e-05	1.8121e-05	3.76669e-06	6.07039e-07	7.90928e-08	
841311	3.03043e-06	3.51453e-05	0.000131022	0.00034731	0.000778822	0.00157871	0.00298369	0.00533896	0.00911135	0.0148746	0.0232494	0.0347816	0.0497274	0.067689	0.0870896	0.104769	0.116359	0.117879	0.10793	0.0888624	0.0657938	0.0440622	0.0269738	0.0152543	0.00799299	0.00384396	0.00166224	0.000628863	0.000201704	5.29804e-05	1.09686e-05	1.92289e-06	
851311	3.3628e-09	1.66435e-07	1.7327e-06	1.06066e-05	4.80922e-05	0.000177248	0.000556001	0.00152199	0.00368902	0.00799202	0.0155846	0.0275148	0.044181	0.0646601	0.0861438	0.104072	0.11369	0.112647	0.102456	0.0871413	0.0704796	0.0545325	0.0400756	0.0275367	0.0173621	0.0098493	0.00492216	0.00211544	0.000759938	0.000220636	4.97908e-05	9.44226e-06	
861311	1.01904e-05	0.000114939	0.000414739	0.0010582	0.00227164	0.00438502	0.00784564	0.0131871	0.0209191	0.0313333	0.0442646	0.0588959	0.0737203	0.0867678	0.0960783	0.100215	0.0985496	0.0912553	0.0792098	0.0639849	0.0477521	0.0327979	0.0207574	0.0121501	0.00657371	0.00325195	0.00143988	0.000555099	0.000180691	4.80262e-05	1.0041e-05	1.77619e-06	
871311	3.90387e-05	0.000459732	0.00166637	0.00413617	0.00839721	0.014926	0.023963	0.035279	0.0480151	0.0607494	0.0718467	0.0799539	0.08437	0.0850923	0.0825718	0.0774042	0.0701644	0.0614178	0.0517852	0.0419346	0.0324875	0.0239319	0.0166039	0.0107068	0.00631253	0.00333924	0.00155181	0.000618776	0.000206136	5.56475e-05	1.17527e-05	2.09373e-06	
881311	0.000285288	0.00270539	0.00801698	0.0163892	0.0274584	0.0402481	0.0532522	0.0647228	0.0731121	0.0775152	0.0779082	0.075059	0.0701617	0.0643909	0.0585726	0.0530666	0.0478382	0.0426381	0.0372044	0.0314182	0.0253762	0.019372	0.0138077	0.00906901	0.00540907	0.00288106	0.00134427	0.00053732	0.000179288	4.846e-05	1.02461e-05	1.82758e-06	
891311	0.00188081	0.0105764	0.01886	0.024791	0.0292762	0.0333353	0.0374679	0.0417943	0.0462602	0.0507364	0.0550451	0.0589633	0.062225	0.064531	0.0655704	0.065055	0.062767	0.0586145	0.0526869	0.0452919	0.0369558	0.0283702	0.0202812	0.0133403	0.00796134	0.00424095	0.00197843	0.000790529	0.000263654	7.12227e-05	1.50489e-05	2.68194e-06	
901311	0.00180285	0.0109134	0.020403	0.0275831	0.0327672	0.0367692	0.0402325	0.0435785	0.0470335	0.0506458	0.0543077	0.05779	0.0607839	0.0629422	0.0639178	0.063402	0.061168	0.0571203	0.0513435	0.044137	0.0360135	0.0276469	0.0197642	0.0130002	0.00775847	0.00413292	0.00192805	0.000770412	0.000256949	6.94127e-05	1.46668e-05	2.61392e-06	
911311	0.00105931	0.00701458	0.0141649	0.020744	0.0266512	0.0320948	0.0372467	0.0422165	0.0470569	0.0517505	0.0561967	0.0602129	0.0635479	0.065904	0.0669658	0.0664396	0.0641029	0.0598621	0.0538085	0.0462561	0.0377425	0.0289742	0.0207131	0.0136243	0.00813086	0.00433125	0.00202056	0.000807363	0.000269269	7.27394e-05	1.53693e-05	2.73905e-06	
921311	0.000926815	0.00598669	0.0124381	0.0189734	0.0253287	0.0314523	0.037291	0.0427939	0.0479372	0.0527109	0.0570783	0.0609382	0.064106	0.066322	0.0672829	0.0666908	0.0643122	0.0600424	0.0539645	0.0463882	0.0378498	0.0290564	0.0207718	0.0136629	0.00815392	0.00434354	0.00202629	0.000809658	0.000270035	7.29466e-05	1.54132e-05	2.74688e-06	
931311	0.000405396	0.00331219	0.00846305	0.014995	0.0220586	0.0290476	0.035665	0.0418389	0.0475904	0.0529321	0.0578169	0.0621194	0.0656359	0.0680986	0.0692055	0.0686645	0.0662504	0.0618678	0.0556115	0.0478061	0.0390073	0.0299452	0.0214072	0.0140809	0.00840333	0.00447639	0.00208826	0.000834413	0.000278289	7.51757e-05	1.5884e-05	2.83075e-06	
941311	0.000243578	0.00223317	0.00641267	0.0126853	0.0205584	0.0292637	0.0379663	0.0459702	0.052845	0.0584368	0.0627783	0.0659627	0.0680413	0.0689784	0.0686587	0.0669286	0.0636546	0.0587852	0.0524096	0.0447998	0.0364224	0.0279017	0.019924	0.0130982	0.00781506	0.00416259	0.00194176	0.000775848	0.000258748	6.98948e-05	1.47678e-05	2.63174e-06	
951311	1.17311e-05	0.000132064	0.000474087	0.0011985	0.00253451	0.00478547	0.00831792	0.0135246	0.0207548	0.0302106	0.0418136	0.0550494	0.0688302	0.0814827	0.0910231	0.0957457	0.0948324	0.0885894	0.078242	0.0654888	0.051993	0.0390383	0.0274953	0.0179338	0.0106595	0.00566877	0.0026429	0.00105582	0.000352108	9.51151e-05	2.0097e-05	3.5816e-06	
961311	0.000150322	0.00149632	0.00466885	0.0100744	0.0178475	0.0277067	0.0388944	0.0502641	0.0605266	0.0685767	0.0737657	0.076003	0.0756525	0.0732908	0.0694556	0.0645163	0.0587017	0.0521933	0.0451744	0.0378322	0.0303822	0.0231274	0.016468	0.0108146	0.00645058	0.00343595	0.00160313	0.000640738	0.00021377	5.77714e-05	1.22127e-05	2.1779e-06	
971311	1.78075e-08	3.58554e-07	2.03288e-06	7.60712e-06	2.29583e-05	6.06813e-05	0.00014663	0.000332307	0.000717753	0.00149184	0.00299715	0.00581965	0.0108787	0.0194418	0.0329209	0.0522742	0.0769702	0.103862	0.126874	0.138558	0.133623	0.11252	0.0819834	0.0513673	0.0275669	0.0126134	0.00487527	0.0015654	0.000407663	8.36419e-05	1.30949e-05	1.62942e-06	
981311	2.10282e-05	0.000250617	0.000982033	0.0027265	0.00621689	0.0122599	0.0214825	0.03403	0.0492815	0.0657044	0.0810251	0.0927779	0.0990293	0.0989397	0.0929438	0.0825085	0.0695899	0.0560415	0.0432322	0.0319652	0.0225972	0.0151968	0.00965302	0.00573713	0.00315064	0.00157249	0.000698486	0.000269264	8.75095e-05	2.32038e-05	4.8376e-06	8.53058e-07	
991311	6.20099e-07	8.89779e-06	4.03069e-05	0.000130014	0.000359071	0.00090093	0.00207727	0.00438963	0.00848386	0.0150096	0.0243802	0.0365363	0.0508553	0.0662265	0.0811675	0.0939071	0.102531	0.105322	0.101268	0.0905366	0.074672	0.0563182	0.038481	0.0235939	0.0128532	0.00615315	0.00255365	0.000902616	0.000265532	6.31775e-05	1.17511e-05	1.81615e-06	
1.00131e+06	1.71312e-05	0.000195586	0.000700421	0.00173998	0.00356503	0.0064319	0.0105455	0.0160172	0.0228771	0.0311334	0.0408067	0.0518572	0.0639933	0.0764388	0.0877804	0.0960423	0.0991146	0.0955216	0.085228	0.0699615	0.0526898	0.0364502	0.0232605	0.0137472	0.00751331	0.00375428	0.00167864	0.000652957	0.000214106	5.72097e-05	1.20019e-05	2.1279e-06	
1.01131e+06	0.000939634	0.0122701	0.0381027	0.0705386	0.0966044	0.107281	0.102471	0.088803	0.0736428	0.0610417	0.0516414	0.0445742	0.0389699	0.0343731	0.0305668	0.0273568	0.0245049	0.0217658	0.0189516	0.0159806	0.012894	0.00983615	0.00700758	0.00460123	0.00274381	0.00146129	0.000681787	0.00027252	9.09367e-05	2.45814e-05	5.19795e-06	9.27316e-07	
1.02131e+06	2.78237e-06	3.58252e-05	0.000159623	0.000521463	0.00143199	0.00345065	0.00743383	0.0144594	0.0255274	0.0410032	0.0599566	0.0798205	0.0968729	0.107594	0.110106	0.104667	0.0930569	0.0776507	0.0608043	0.0445413	0.0303614	0.0191275	0.0110538	0.00581378	0.00275852	0.00116763	0.000434275	0.000139072	3.73664e-05	8.16102e-06	1.39581e-06	1.9571e-07	
1.03131e+06	8.61715e-06	9.41046e-05	0.000327755	0.000805975	0.00166724	0.00310578	0.0053833	0.00882535	0.0137834	0.0205527	0.0292644	0.0397957	0.051731	0.0643657	0.076714	0.0875009	0.095171	0.0980502	0.0948598	0.0855009	0.0714712	0.0553332	0.0396148	0.026068	0.0155755	0.00830863	0.00387943	0.00155034	0.000516853	0.000139521	2.94539e-05	5.24337e-06	
1.04131e+06	1.48225e-05	0.000233901	0.00104756	0.00307605	0.00714843	0.0141135	0.0244984	0.0381826	0.0542615	0.0711056	0.0865387	0.0981654	0.10391	0.102647	0.0946345	0.0815052	0.0657651	0.0499977	0.0361222	0.0250411	0.0167689	0.0108409	0.00670221	0.00389926	0.00209428	0.00101756	0.000437744	0.00016283	5.0987e-05	1.30322e-05	2.62401e-06	4.4638e-07	
1.05131e+06	8.23232e-05	0.000843362	0.00273668	0.00619953	0.0116082	0.0191096	0.0284624	0.0389987	0.0497498	0.0596678	0.0678392	0.0736319	0.0767637	0.0772936	0.0755376	0.0719278	0.0668661	0.0606333	0.0534014	0.0453404	0.0367509	0.028124	0.0200775	0.0131986	0.00787473	0.00419423	0.00195644	0.000781679	0.000260681	7.04138e-05	1.48767e-05	2.651e-06	
1.06131e+06	0.00012789	0.00122162	0.00367134	0.00766295	0.0131942	0.0200226	0.0276956	0.035681	0.0435361	0.0510005	0.0579401	0.064198	0.0694837	0.0733747	0.0754068	0.0751917	0.0725238	0.067446	0.06026	0.0514868	0.041806	0.0319921	0.0228323	0.0150079	0.00895473	0.00477007	0.00222539	0.00088928	0.000296618	8.01364e-05	1.69344e-05	3.01848e-06	
1.07131e+06	0.000720518	0.0067009	0.0193621	0.0381132	0.0605378	0.0828807	0.101145	0.112209	0.114525	0.108318	0.0953372	0.0783061	0.0601906	0.0434777	0.0296958	0.0193324	0.0120999	0.00733578	0.00433004	0.00249342	0.00139865	0.000759741	0.000395152	0.00019358	8.75382e-05	3.57392e-05	1.28698e-05	3.98796e-06	1.03516e-06	2.1842e-07	3.62049e-08	4.941e-09	
1.08131e+06	4.33835e-07	1.67095e-05	0.000122682	0.000536081	0.00175318	0.0046451	0.0103304	0.0196734	0.0325739	0.0475983	0.0624088	0.0747422	0.0831785	0.0872876	0.0873791	0.0841799	0.0785303	0.0711556	0.0625901	0.0532385	0.0434786	0.0337465	0.024571	0.0165257	0.0100913	0.00549134	0.00261027	0.00106067	0.00035967	9.90027e-05	2.14119e-05	3.94911e-06	
1.09131e+06	0.000575128	0.00530661	0.0152895	0.0299147	0.0466144	0.0612462	0.069914	0.0712175	0.067048	0.0611072	0.0564967	0.0543846	0.0542742	0.0549474	0.0551892	0.0541053	0.0512076	0.0464216	0.0400602	0.0327403	0.0252286	0.0182506	0.0123314	0.00772567	0.00443905	0.00230294	0.0010569	0.000418612	0.00013909	3.75483e-05	7.94298e-06	1.41931e-06	
1.10131e+06	0.000301771	0.00299829	0.00888957	0.01748	0.027346	0.0368632	0.0450014	0.051601	0.0570266	0.0616259	0.0654423	0.0682523	0.0697377	0.0696344	0.0678144	0.0643048	0.0592632	0.0529418	0.0456708	0.037853	0.0299472	0.02243	0.0157417	0.0102223	0.00605038	0.00320721	0.00149212	0.000595353	0.000198405	5.35713e-05	1.13154e-05	2.01592e-06	
1.11131e+06	0.000471297	0.00403756	0.0106991	0.0193967	0.0286894	0.0372159	0.0441585	0.0494988	0.0539127	0.058292	0.0630907	0.0678704	0.0714036	0.072369	0.0701887	0.0653416	0.0589073	0.0518222	0.0445261	0.0371304	0.0297337	0.0225827	0.0160527	0.0105299	0.00627667	0.0033422	0.00155912	0.000623083	0.000207861	5.6169e-05	1.18726e-05	2.1169e-06	
1.12131e+06	2.12866e-07	4.84118e-06	2.91239e-05	0.000114171	0.000358487	0.000973561	0.00236488	0.00521639	0.0105101	0.0193605	0.032556	0.0498685	0.0695002	0.0882057	0.102327	0.109232	0.10815	0.0999381	0.086411	0.0698799	0.0527951	0.0372373	0.0244805	0.0149265	0.00835609	0.00423101	0.00190191	0.000742565	0.000245345	6.64869e-05	1.42394e-05	2.60145e-06	
1.13131e+06	1.1009e-06	1.68721e-05	7.78674e-05	0.000244189	0.000625415	0.00140594	0.00287168	0.00542691	0.00958176	0.0158834	0.0247699	0.0363624	0.0502683	0.0654823	0.0804267	0.0931268	0.101526	0.103939	0.0995689	0.0888689	0.0735452	0.0561126	0.0391856	0.0248133	0.014083	0.00706754	0.00308835	0.00115448	0.000361489	9.23805e-05	1.86561e-05	3.20189e-06	
