6869	3.31363e-06	6.1668e-05	0.000304724	0.000964135	0.00239996	0.00509986	0.00962671	0.0164954	0.0259859	0.0379486	0.0516999	0.0660847	0.0796527	0.0908046	0.0979222	0.0997368	0.0958877	0.0870378	0.0743371	0.0590533	0.0428174	0.0277365	0.0157452	0.00771702	0.00323659	0.00116008	0.000357516	9.5458e-05	2.20099e-05	4.27967e-06	6.73241e-07	8.85537e-08	
16869	0.000106625	0.00132672	0.00956325	0.0579056	0.141627	0.16303	0.140542	0.119694	0.100833	0.0799383	0.0587683	0.0407487	0.0274896	0.0185716	0.0127682	0.00893923	0.00630215	0.00439762	0.00298348	0.00193737	0.00118863	0.000681337	0.000361123	0.000175183	7.69586e-05	3.02556e-05	1.04938e-05	3.15278e-06	8.01307e-07	1.67208e-07	2.7628e-08	3.77917e-09	
26869	0.00012725	0.00300113	0.0359799	0.17319	0.304807	0.233466	0.107733	0.0456518	0.0239987	0.0158702	0.0119744	0.00968155	0.008071	0.00675004	0.00554977	0.00441752	0.00336367	0.0024262	0.00164444	0.00104089	0.000612969	0.00033542	0.000170626	8.06375e-05	3.52063e-05	1.40092e-05	4.97368e-06	1.53427e-06	3.99214e-07	8.4824e-08	1.41966e-08	1.96103e-09	
36869	0.000162784	0.00404623	0.0201524	0.0616483	0.0990749	0.0837064	0.0588649	0.0541946	0.0609617	0.0706579	0.0782854	0.080709	0.076571	0.066779	0.0540177	0.041205	0.0301703	0.0214224	0.0147209	0.00968364	0.00601933	0.00349511	0.00187657	0.000922255	0.000410132	0.000162785	5.67331e-05	1.70328e-05	4.30635e-06	8.91934e-07	1.4631e-07	1.98893e-08	
46869	3.68556e-06	0.00015052	0.00133091	0.00705994	0.027384	0.0710888	0.111572	0.11874	0.103011	0.0819581	0.065148	0.0547306	0.0497326	0.0480056	0.0472888	0.0458058	0.042515	0.0371516	0.0301586	0.0224953	0.0152896	0.00942403	0.00526452	0.00267189	0.00123321	0.000514069	0.000190035	6.05928e-05	1.61255e-05	3.45706e-06	5.74677e-07	7.72076e-08	
56869	2.02736e-05	0.00129976	0.013418	0.0582782	0.153908	0.257144	0.244851	0.137109	0.0596667	0.0280336	0.0158658	0.010204	0.00689744	0.00467633	0.00312668	0.00205657	0.00133197	0.000849072	0.00053104	0.000324025	0.000191399	0.000108382	5.81192e-05	2.90809e-05	1.33485e-05	5.51558e-06	2.00927e-06	6.30493e-07	1.65986e-07	3.55697e-08	5.99189e-09	8.32394e-10	
66869	5.70979e-07	5.60582e-05	0.000783681	0.00560787	0.0257865	0.0730355	0.117156	0.126319	0.112875	0.0902563	0.0691279	0.0551751	0.0476115	0.0433167	0.0399056	0.0363501	0.0325022	0.0285147	0.0245098	0.0205081	0.0165125	0.0126095	0.00899073	0.00588973	0.00348481	0.00182767	0.000831914	0.000320832	0.000101989	2.5896e-05	5.0663e-06	8.12836e-07	
76869	0.00138604	0.0440476	0.163418	0.256475	0.234401	0.148384	0.0721502	0.0325806	0.016714	0.00981965	0.00613606	0.00403869	0.00284433	0.00211949	0.00161681	0.00122574	0.000906375	0.000645962	0.000439727	0.000283744	0.000172394	9.80224e-05	5.18474e-05	2.53344e-05	1.13292e-05	4.57492e-06	1.63799e-06	5.07999e-07	1.32737e-07	2.83074e-08	4.75283e-09	6.585e-10	
86869	0.00451566	0.227777	0.383879	0.209074	0.0697932	0.0381533	0.0258344	0.0167457	0.0100913	0.0057137	0.00317144	0.00181784	0.00110958	0.000721308	0.000492186	0.000346756	0.00024808	0.000177277	0.000124606	8.498e-05	5.5533e-05	3.43479e-05	1.98492e-05	1.05659e-05	5.09901e-06	2.19109e-06	8.21433e-07	2.62521e-07	6.96656e-08	1.48997e-08	2.48259e-09	3.37666e-10	
96869	0.0106523	0.294588	0.44261	0.210753	0.0358081	0.0036859	0.000822738	0.000383365	0.000222087	0.000139655	9.33985e-05	6.58397e-05	4.82058e-05	3.6018e-05	2.70427e-05	2.01639e-05	1.4795e-05	1.05981e-05	7.3554e-06	4.9072e-06	3.12046e-06	1.8735e-06	1.05073e-06	5.43742e-07	2.55982e-07	1.07847e-07	3.98955e-08	1.26752e-08	3.37107e-09	7.28519e-10	1.2359e-10	1.72825e-11	
106869	0.000721782	0.0541507	0.172439	0.168758	0.118993	0.1067	0.0830541	0.0654357	0.0533291	0.0435949	0.0354708	0.0281247	0.0214	0.0156178	0.0110257	0.00759937	0.00513237	0.00338442	0.00216118	0.00132349	0.000770029	0.000422126	0.000216441	0.000103037	4.51127e-05	1.79197e-05	6.33602e-06	1.9463e-06	5.04748e-07	1.0699e-07	1.7874e-08	2.46493e-09	
116869	0.00133439	0.0145585	0.0839701	0.199125	0.27552	0.24801	0.11993	0.037062	0.010812	0.00404889	0.00198786	0.00116394	0.000757042	0.00052297	0.000372117	0.000267031	0.000190415	0.000133423	9.09932e-05	5.98565e-05	3.76278e-05	2.23798e-05	1.24544e-05	6.40371e-06	2.99861e-06	1.25768e-06	4.63495e-07	1.46788e-07	3.8934e-08	8.39471e-09	1.42134e-09	1.98389e-10	
126869	8.86649e-08	2.41037e-06	2.4026e-05	0.000232958	0.00141136	0.00503275	0.0118986	0.0221898	0.0331867	0.0421415	0.0499403	0.0587296	0.0691267	0.0797288	0.0881493	0.0921672	0.0906772	0.084059	0.0737237	0.0613081	0.0481783	0.0354217	0.0240003	0.0147164	0.00800279	0.00377579	0.00150984	0.000499214	0.000132976	2.77553e-05	4.40448e-06	5.54288e-07	
136869	5.93364e-05	0.00176863	0.0152215	0.0691743	0.166152	0.228862	0.203964	0.137638	0.0800567	0.0422777	0.0216156	0.0117498	0.00711638	0.00469374	0.00322656	0.00223965	0.0015395	0.00103364	0.000670724	0.000417284	0.000247403	0.000139021	7.35405e-05	3.62673e-05	1.64465e-05	6.73705e-06	2.44045e-06	7.63054e-07	2.00407e-07	4.28736e-08	7.21316e-09	1.00096e-09	
146869	2.3141e-05	0.00054751	0.00383889	0.0172538	0.050176	0.0891387	0.104757	0.101917	0.100122	0.100088	0.096179	0.0856945	0.0700888	0.0532947	0.038759	0.0278018	0.0200064	0.0143717	0.0100968	0.00677479	0.00425664	0.00246722	0.00130433	0.000623537	0.000267788	0.000102703	3.48771e-05	1.03309e-05	2.60603e-06	5.42006e-07	8.94142e-08	1.22137e-08	
156869	2.45496e-07	9.73316e-06	0.000164685	0.00135935	0.00695765	0.0224619	0.0445848	0.0595168	0.0651955	0.0683568	0.071756	0.0754623	0.0789007	0.0813118	0.0816479	0.0786811	0.0716664	0.0609388	0.0479061	0.0345217	0.0226141	0.0133639	0.00708371	0.0033559	0.00141642	0.000529385	0.000173235	4.88218e-05	1.16072e-05	2.27036e-06	3.54143e-07	4.59678e-08	
166869	1.34085e-05	0.000415096	0.00352595	0.0162792	0.0493891	0.106849	0.167756	0.192883	0.167809	0.116494	0.0699681	0.0399942	0.0233814	0.0145363	0.00967049	0.00674675	0.00480253	0.00340538	0.00235826	0.00156862	0.000987937	0.000581622	0.000316181	0.000156796	7.00543e-05	2.78316e-05	9.69009e-06	2.90616e-06	7.3478e-07	1.52375e-07	2.50416e-08	3.41114e-09	
176869	4.42647e-05	0.000495004	0.0017628	0.00454867	0.0108178	0.0254842	0.0535026	0.0921923	0.129428	0.150025	0.146869	0.124808	0.0943809	0.064817	0.0413416	0.0251203	0.0148446	0.008619	0.00493209	0.00278386	0.00154593	0.000836759	0.000434525	0.000212386	9.57618e-05	3.90148e-05	1.40524e-05	4.36896e-06	1.14147e-06	2.43072e-07	4.07318e-08	5.63067e-09	
186869	1.02758e-06	0.000211133	0.00315815	0.0198043	0.0690313	0.13596	0.157717	0.123443	0.0829639	0.0600843	0.0488245	0.0418341	0.0365939	0.0325964	0.0295871	0.0272252	0.025135	0.0229824	0.0205309	0.0176825	0.014496	0.0111693	0.00798319	0.00521796	0.00306935	0.00159554	0.000717889	0.000272997	8.53884e-05	2.12961e-05	4.08802e-06	6.41921e-07	
196869	3.51705e-07	8.62053e-06	6.33826e-05	0.000319526	0.00128255	0.00422696	0.0115148	0.0260286	0.0490643	0.0777123	0.104656	0.121967	0.125954	0.118245	0.102751	0.0830224	0.0622103	0.0433003	0.0282819	0.0175617	0.0104198	0.00585942	0.00307178	0.00147557	0.000639755	0.000246876	8.35134e-05	2.43197e-05	5.96285e-06	1.19834e-06	1.91091e-07	2.52707e-08	
206869	6.06593e-05	0.000731379	0.00339443	0.0119415	0.0332935	0.07281	0.123781	0.163073	0.168159	0.140423	0.100969	0.0668986	0.0426839	0.0268604	0.0169809	0.0108363	0.00689578	0.00430401	0.00260576	0.00152363	0.000859724	0.000467111	0.000242479	0.000118525	5.35163e-05	2.18491e-05	7.88651e-06	2.45665e-06	6.42894e-07	1.37089e-07	2.2998e-08	3.1825e-09	
216869	3.81324e-05	0.00319527	0.0352374	0.106574	0.131687	0.0925203	0.0606075	0.0523319	0.0536295	0.058165	0.0632584	0.0659482	0.0637065	0.0562019	0.0455966	0.0347498	0.0254306	0.0181119	0.0125851	0.00846358	0.00542303	0.00324909	0.0017871	0.000887538	0.000392132	0.000152093	5.11594e-05	1.47399e-05	3.58184e-06	7.17901e-07	1.14934e-07	1.53333e-08	
226869	0.000199966	0.0123643	0.105165	0.275435	0.306419	0.178502	0.071353	0.0274119	0.0115107	0.00511575	0.00248311	0.00137096	0.000849525	0.000567966	0.000395762	0.000280232	0.000198008	0.000137789	9.34597e-05	6.1216e-05	3.83566e-05	2.27577e-05	1.26419e-05	6.49143e-06	3.0366e-06	1.27261e-06	4.68701e-07	1.48362e-07	3.93351e-08	8.47828e-09	1.43509e-09	2.00255e-10	
236869	1.52058e-07	7.80955e-06	7.0921e-05	0.000363314	0.00136433	0.00413756	0.0105606	0.0230882	0.0435227	0.0708822	0.0998782	0.122235	0.131032	0.12471	0.107188	0.0845432	0.0618833	0.042469	0.027799	0.0177341	0.0111575	0.00688272	0.00409112	0.00229614	0.00119205	0.00056032	0.000233065	8.36761e-05	2.52245e-05	6.18891e-06	1.19267e-06	1.92536e-07	
246869	0.000291718	0.0142632	0.0968377	0.260431	0.286715	0.167513	0.0751395	0.036095	0.020627	0.0131014	0.00883184	0.00623722	0.0045069	0.00323023	0.00224764	0.00150546	0.000970818	0.000605533	0.000367413	0.000217622	0.000125616	7.00791e-05	3.72632e-05	1.85587e-05	8.49456e-06	3.50285e-06	1.27405e-06	3.99286e-07	1.05011e-07	2.24846e-08	3.78505e-09	5.25484e-10	
256869	3.95835e-05	0.00484998	0.0618733	0.207948	0.244141	0.150868	0.0788122	0.0477562	0.0343571	0.0275104	0.0233666	0.0203347	0.0177315	0.0153602	0.0132116	0.0112888	0.00956314	0.00799213	0.00654131	0.00519467	0.00395879	0.0028606	0.00193571	0.00121098	0.000690816	0.000353755	0.000159634	6.20884e-05	2.02731e-05	5.38781e-06	1.1243e-06	1.9827e-07	
266869	9.81384e-06	0.000114254	0.000423971	0.00110766	0.00242173	0.00473434	0.00854428	0.0144822	0.0232645	0.0355425	0.0515749	0.0707203	0.090946	0.108761	0.119883	0.120557	0.109276	0.0883006	0.0633448	0.0405443	0.0233579	0.0121923	0.00579822	0.00253072	0.00101868	0.000376289	0.000125441	3.67999e-05	9.21373e-06	1.90167e-06	3.11298e-07	4.21801e-08	
276869	1.3839e-07	1.21679e-05	0.000116119	0.000551836	0.00184877	0.00504535	0.0119816	0.0250302	0.0452739	0.070384	0.0950518	0.113002	0.118864	0.111264	0.0944953	0.0752995	0.0583787	0.0451964	0.0353111	0.0277178	0.0215024	0.0161202	0.0114245	0.00750481	0.0044849	0.00239115	0.00111314	0.000441589	0.000145193	3.83261e-05	7.82963e-06	1.32415e-06	
286869	2.60289e-05	0.00181679	0.0143912	0.0501817	0.107913	0.163568	0.186536	0.166346	0.120288	0.0745575	0.0428565	0.0246589	0.0148944	0.00962917	0.00665122	0.00480833	0.00353352	0.00257161	0.00181728	0.00122828	0.000783886	0.00046672	0.000256136	0.000127969	5.74587e-05	2.28718e-05	7.95255e-06	2.37468e-06	5.96538e-07	1.2282e-07	2.00512e-08	2.71546e-09	
296869	9.95173e-06	0.000116443	0.000445693	0.00125254	0.00311856	0.00731182	0.0159669	0.0311723	0.0530807	0.0789803	0.10384	0.1217	0.128178	0.122303	0.105885	0.0826994	0.0581676	0.0372902	0.022278	0.0126459	0.00687219	0.00356636	0.00175546	0.000812031	0.000348446	0.000136313	4.7588e-05	1.44596e-05	3.71586e-06	7.81819e-07	1.29833e-07	1.78085e-08	
306869	1.59807e-06	1.85443e-05	6.99326e-05	0.000189958	0.000443049	0.000950571	0.00194257	0.0038566	0.00750302	0.0142506	0.0259999	0.0445061	0.0698114	0.0984846	0.123382	0.136235	0.132122	0.11267	0.0851955	0.0582352	0.036978	0.0222708	0.012732	0.00677981	0.00327008	0.00138938	0.000507314	0.000155676	3.92794e-05	7.95818e-06	1.25859e-06	1.6247e-07	
316869	1.58652e-06	2.16337e-05	9.62826e-05	0.000308719	0.000838699	0.00202927	0.00444324	0.00885942	0.0161677	0.0271296	0.0419077	0.0593802	0.0769181	0.0914735	0.101152	0.105412	0.104063	0.0968357	0.0839699	0.0668906	0.0482303	0.0310623	0.0177004	0.00888667	0.00393517	0.00154172	0.000533329	0.00016055	4.08748e-05	8.47668e-06	1.37398e-06	1.80866e-07	
326869	1.74553e-05	0.00044558	0.00261389	0.00909615	0.0231201	0.0464607	0.0768101	0.107086	0.128275	0.134161	0.12431	0.10345	0.0785406	0.0556145	0.0378112	0.02534	0.0169278	0.01123	0.00733481	0.00468307	0.00290654	0.00174258	0.00100027	0.000543034	0.00027448	0.000126757	5.23204e-05	1.88265e-05	5.74203e-06	1.43815e-06	2.85342e-07	4.80759e-08	
336869	2.04152e-05	0.000249177	0.000973256	0.00269429	0.00630271	0.0133065	0.0259465	0.0466271	0.0758841	0.109185	0.135708	0.143506	0.129157	0.101104	0.0717014	0.0482536	0.0319205	0.021094	0.0139148	0.00906866	0.00576367	0.00352545	0.00204645	0.00110947	0.000551543	0.000246284	9.65571e-05	3.24089e-05	9.05335e-06	2.03861e-06	3.56769e-07	5.09288e-08	
346869	4.44379e-07	6.30923e-06	2.78461e-05	8.53339e-05	0.000218061	0.000501877	0.00108595	0.00226558	0.00459678	0.00897595	0.0164294	0.0273593	0.0406911	0.054075	0.0652847	0.073456	0.0791516	0.0833959	0.0865363	0.0877907	0.0857093	0.0791079	0.0678693	0.0532501	0.0375698	0.0233932	0.0125793	0.00569572	0.00210922	0.000618264	0.000138371	2.55762e-05	
356869	7.30882e-07	2.22365e-05	0.000152049	0.000635564	0.00201672	0.00527773	0.0118681	0.0234206	0.0408826	0.0631134	0.0860828	0.104319	0.113968	0.114269	0.106452	0.0925261	0.0750582	0.0568851	0.0403697	0.0268635	0.0167288	0.00968815	0.00516734	0.00250952	0.00109684	0.000426237	0.000145141	4.24776e-05	1.04211e-05	2.08036e-06	3.26828e-07	4.2182e-08	
366869	9.35461e-06	0.000108589	0.000406563	0.00108876	0.00249147	0.0052299	0.0104062	0.0198203	0.0358142	0.0600112	0.0906301	0.120295	0.138233	0.137275	0.119123	0.0921335	0.0648976	0.0424086	0.0261109	0.015355	0.00870826	0.00477159	0.00250639	0.00124202	0.000568395	0.000234506	8.50281e-05	2.63824e-05	6.81024e-06	1.41853e-06	2.30486e-07	3.05433e-08	
376869	7.00253e-07	1.81701e-05	9.99582e-05	0.000340875	0.000918014	0.00213207	0.00442772	0.00835051	0.0144138	0.0229126	0.0337951	0.0467056	0.0611731	0.0766719	0.0921687	0.105258	0.112077	0.109163	0.0960792	0.0761699	0.054693	0.0360068	0.0220187	0.0125676	0.00663744	0.00317908	0.00134459	0.000487265	0.000146386	3.51658e-05	6.49089e-06	9.67177e-07	
386869	4.51979e-08	6.52099e-07	3.01518e-06	9.89942e-06	2.75332e-05	6.96554e-05	0.000166637	0.000387121	0.000891216	0.00205932	0.00477297	0.0108782	0.0234649	0.0457102	0.0772346	0.110868	0.135574	0.143716	0.134348	0.111671	0.0826597	0.0544671	0.0319284	0.0166325	0.00769188	0.00315263	0.00113838	0.000356824	9.46949e-05	2.05858e-05	3.52782e-06	4.99689e-07	
396869	3.66177e-06	5.5561e-05	0.000262322	0.000862021	0.0023559	0.00570018	0.0124553	0.0245883	0.0435153	0.0683807	0.0946667	0.115038	0.123041	0.117117	0.1012	0.0814339	0.062516	0.0465243	0.0337782	0.0239203	0.0164548	0.0109149	0.00690692	0.00411305	0.00226827	0.00113733	0.000507584	0.00019671	6.43335e-05	1.71836e-05	3.6113e-06	6.42791e-07	
406869	7.57807e-06	0.000168692	0.000903379	0.00299028	0.00759895	0.0160977	0.0295324	0.0478507	0.0692182	0.0899542	0.105555	0.112674	0.110743	0.10162	0.0877434	0.0711143	0.0536939	0.0375852	0.0243784	0.0146619	0.00817551	0.0042259	0.00202674	0.000902368	0.000371724	0.000140213	4.75498e-05	1.41404e-05	3.57847e-06	7.448e-07	1.2273e-07	1.67268e-08	
416869	1.97009e-06	5.22662e-05	0.000319391	0.00118944	0.00338793	0.00806856	0.016767	0.0310674	0.0518122	0.0778353	0.104756	0.125212	0.131894	0.12231	0.100967	0.076006	0.0537006	0.0363408	0.0237067	0.0148912	0.00899323	0.00520983	0.00287241	0.00148357	0.000702285	0.000297375	0.000109863	3.45098e-05	8.96432e-06	1.86765e-06	3.01644e-07	3.94144e-08	
426869	1.17553e-07	1.37365e-06	5.3176e-06	1.53965e-05	4.04455e-05	0.000103954	0.000267775	0.000687936	0.00173108	0.0041757	0.00945699	0.0197243	0.0371869	0.0621977	0.0906974	0.114135	0.124639	0.121121	0.108482	0.0917824	0.0735137	0.0550171	0.0378558	0.0236009	0.0131403	0.006424	0.00269992	0.000950663	0.000272129	6.12349e-05	1.04416e-05	1.40831e-06	
436869	8.67534e-06	9.82023e-05	0.000353412	0.000893034	0.00188304	0.0035399	0.00612722	0.00994502	0.0153076	0.0224953	0.0316612	0.0426941	0.0550779	0.067808	0.0794607	0.0884776	0.0935662	0.0939714	0.0895103	0.0805521	0.0680676	0.0535984	0.0389833	0.0259201	0.0155623	0.00831329	0.00388178	0.00155098	0.000517022	0.000139569	2.94654e-05	5.24567e-06	
446869	2.84637e-05	0.000306231	0.00105325	0.00256964	0.00530813	0.00994358	0.0174265	0.0289347	0.0455706	0.0676212	0.0933508	0.117865	0.133534	0.13345	0.116425	0.0886048	0.0594426	0.035954	0.0202364	0.010927	0.0057608	0.00297066	0.0014856	0.000710475	0.000319023	0.000131537	4.85753e-05	1.56451e-05	4.27111e-06	9.57703e-07	1.70209e-07	2.53566e-08	
456869	6.74334e-06	8.47835e-05	0.000347623	0.00103172	0.00262287	0.00602131	0.0126437	0.0241989	0.0418013	0.0644602	0.0880155	0.106262	0.114298	0.111232	0.0998953	0.0845515	0.068718	0.0541938	0.0414	0.0302627	0.0207907	0.0131616	0.00753077	0.00382605	0.00169963	0.000652171	0.00021436	6.00087e-05	1.41966e-05	2.78973e-06	4.41164e-07	5.83749e-08	
466869	6.49333e-07	8.71186e-06	4.11879e-05	0.00014604	0.000445637	0.00122344	0.00308626	0.00722119	0.015624	0.0307883	0.0540939	0.083212	0.111128	0.129176	0.132149	0.120861	0.100436	0.0767555	0.0542211	0.0354053	0.021352	0.0118827	0.00607882	0.00283344	0.0011888	0.000443237	0.000145026	4.10762e-05	9.89038e-06	1.97277e-06	3.14733e-07	4.1819e-08	
476869	6.83019e-09	2.04879e-07	1.50654e-06	6.91143e-06	2.47262e-05	7.55897e-05	0.000207245	0.000525483	0.00125887	0.00288636	0.00634585	0.0132455	0.025764	0.0456961	0.0724272	0.101081	0.123519	0.132891	0.127658	0.111052	0.0879565	0.0631056	0.040619	0.0232827	0.0118551	0.00535965	0.00213873	0.000739687	0.000214942	5.04569e-05	9.16228e-06	1.34836e-06	
486869	6.57013e-07	9.01717e-06	3.93319e-05	0.00012071	0.000310671	0.000719358	0.00155645	0.00322419	0.00648779	0.0127183	0.0240433	0.0429212	0.0704836	0.103777	0.134075	0.149654	0.143193	0.117501	0.0833149	0.0517324	0.0286255	0.0143597	0.00661398	0.00281869	0.00111307	0.000404114	0.00013258	3.83584e-05	9.49972e-06	1.9452e-06	3.16627e-07	4.26994e-08	
496869	1.20659e-07	4.06905e-06	3.01798e-05	0.000131922	0.000432676	0.00117498	0.00277575	0.0058657	0.0112797	0.0199619	0.0327561	0.0500441	0.0711946	0.0938919	0.113774	0.125247	0.123976	0.109749	0.0869744	0.0620735	0.0402481	0.0239254	0.0130996	0.00657722	0.00299134	0.00121337	0.000431844	0.000132333	3.40745e-05	7.14442e-06	1.17425e-06	1.57493e-07	
506869	1.56656e-06	4.07838e-05	0.00023603	0.000840201	0.00233181	0.00553868	0.0117498	0.0226461	0.0397829	0.0635186	0.0916501	0.118504	0.13587	0.136706	0.119887	0.0917994	0.0624082	0.0390189	0.0235054	0.0141622	0.0086101	0.00518584	0.00300555	0.00163087	0.000809324	0.000359346	0.000139546	4.62242e-05	1.26983e-05	2.80194e-06	4.78822e-07	6.63002e-08	
516869	3.27719e-06	3.98909e-05	0.000159303	0.000457924	0.00111663	0.0024467	0.00493691	0.00928146	0.0163498	0.0270252	0.0418124	0.0601801	0.0798851	0.0970033	0.107352	0.108647	0.10152	0.08863	0.073079	0.0573626	0.0430322	0.0308083	0.020892	0.013246	0.00771993	0.00405474	0.00187722	0.00074746	0.000249031	6.73006e-05	1.42386e-05	2.54287e-06	
526869	6.54077e-05	0.000677419	0.00221513	0.00504948	0.00953216	0.0159089	0.0242139	0.0341709	0.0451433	0.0561827	0.0662124	0.0743218	0.0800413	0.0833819	0.0845352	0.0834541	0.0796836	0.0725918	0.0618966	0.048273	0.0336144	0.0204573	0.0107261	0.0048301	0.00188822	0.000654236	0.000204171	5.70666e-05	1.38707e-05	2.81254e-06	4.55066e-07	6.10749e-08	
536869	5.38944e-07	6.34992e-06	2.41159e-05	6.53194e-05	0.00015015	0.00031308	0.00061102	0.00113417	0.00201856	0.00345793	0.00571334	0.00912642	0.0141546	0.0214347	0.0317886	0.0459697	0.0640538	0.0847532	0.105052	0.120368	0.125623	0.117557	0.0971322	0.0698033	0.0429535	0.0222897	0.009644	0.00346278	0.00103032	0.000251747	4.91871e-05	8.21243e-06	
546869	5.34918e-06	5.91381e-05	0.00020965	0.000528757	0.00113379	0.00221989	0.0041104	0.0073185	0.0125888	0.0208536	0.0330181	0.0495142	0.0696727	0.0911541	0.109893	0.121023	0.12079	0.108602	0.0877587	0.0639425	0.0423566	0.0257315	0.0143896	0.00738915	0.00346175	0.00146655	0.000555216	0.000184737	5.27789e-05	1.25559e-05	2.39469e-06	3.89724e-07	
556869	2.38254e-06	2.86337e-05	0.000112612	0.000320423	0.000782931	0.00174846	0.00366081	0.00724519	0.0135333	0.0236922	0.0385345	0.0578014	0.0796462	0.100751	0.117018	0.124453	0.120321	0.10467	0.081173	0.0558232	0.0340584	0.018566	0.0091607	0.00415059	0.00174103	0.000672998	0.000235259	7.2202e-05	1.87761e-05	3.98184e-06	6.61304e-07	8.96289e-08	
566869	9.68395e-07	1.17548e-05	4.57295e-05	0.000126201	0.000294703	0.000625396	0.00125303	0.00242493	0.004585	0.00847458	0.0151779	0.0259597	0.0417142	0.0620216	0.0843188	0.104136	0.116755	0.119198	0.111203	0.095014	0.07446	0.053587	0.0354146	0.0214352	0.0118164	0.00588266	0.0026099	0.0010106	0.000331751	8.91258e-05	1.88367e-05	3.36947e-06	
576869	2.23174e-06	2.5193e-05	9.20728e-05	0.000244878	0.000575496	0.00129138	0.0028136	0.00582477	0.0110979	0.0190394	0.0292876	0.0409544	0.053451	0.0668858	0.0813908	0.0960381	0.108323	0.114525	0.110964	0.0961015	0.0724877	0.0464856	0.0249076	0.0111047	0.00417997	0.001369	0.000401112	0.000105625	2.44439e-05	4.78098e-06	7.54565e-07	9.93639e-08	
586869	1.20716e-05	0.000134943	0.000489469	0.00127108	0.00279769	0.00554097	0.0101161	0.0171841	0.0272317	0.0402477	0.0554085	0.0709617	0.0844831	0.0935471	0.0966018	0.0935896	0.0858509	0.0753324	0.0637158	0.052055	0.0409139	0.0306523	0.0216069	0.014111	0.00839412	0.00446554	0.00208208	0.000831727	0.000277344	7.49084e-05	1.5825e-05	2.81973e-06	
596869	3.92629e-08	1.17206e-06	9.24396e-06	4.25505e-05	0.000143861	0.000396226	0.000940379	0.00199263	0.00386736	0.00701274	0.0120603	0.0198595	0.0314189	0.0476188	0.0685576	0.0925792	0.115477	0.130844	0.132402	0.117762	0.0909398	0.0606461	0.0350529	0.0177472	0.00795063	0.0031542	0.00109565	0.000326661	8.15651e-05	1.65771e-05	2.65078e-06	3.47439e-07	
606869	5.51537e-05	0.000583814	0.00196049	0.00461447	0.00904846	0.0157858	0.0252729	0.0377321	0.0529749	0.0702055	0.0878564	0.103516	0.114063	0.11626	0.108027	0.0900853	0.0666115	0.0435529	0.0254433	0.0135756	0.00679673	0.00327232	0.00153479	0.000696541	0.000298924	0.000117858	4.14873e-05	1.26801e-05	3.2692e-06	6.88832e-07	1.14442e-07	1.56969e-08	
616869	6.67769e-06	7.38453e-05	0.000260923	0.000651773	0.00137101	0.00260206	0.0046179	0.00783516	0.0128966	0.0207365	0.0324533	0.0487298	0.0688475	0.0900087	0.10779	0.117707	0.117045	0.105985	0.087534	0.0661888	0.045979	0.0292656	0.0168632	0.00862751	0.00383607	0.00145628	0.000467611	0.000126967	2.91938e-05	5.62258e-06	8.78418e-07	1.15231e-07	
626869	4.17829e-07	1.00529e-05	5.64826e-05	0.000197783	0.000543535	0.00128485	0.00273325	0.00536316	0.00984098	0.0170032	0.0277181	0.0425558	0.0612488	0.0821091	0.101789	0.115837	0.120229	0.113358	0.0970837	0.075704	0.0537543	0.0345497	0.0198798	0.0101151	0.00450274	0.00173959	0.000579561	0.000165051	3.95117e-05	7.73518e-06	1.19437e-06	1.50861e-07	
636869	1.57203e-05	0.000176237	0.000627329	0.00156171	0.00322092	0.00585846	0.00966901	0.0146993	0.0207855	0.0275807	0.0347076	0.0419923	0.0496456	0.0582343	0.0683448	0.0799399	0.0915972	0.100213	0.101903	0.0940471	0.077177	0.0552522	0.0338816	0.0175121	0.00755061	0.00271416	0.000821924	0.000212821	4.73109e-05	8.8684e-06	1.35067e-06	1.72751e-07	
646869	2.59573e-06	3.20401e-05	0.000131138	0.000388192	0.00097388	0.0021844	0.00447849	0.0084824	0.0149307	0.0245173	0.0376509	0.0541282	0.0727767	0.0911963	0.10589	0.113145	0.110641	0.0988585	0.0810307	0.0614981	0.0437833	0.0296202	0.0191534	0.0117563	0.00672353	0.00349596	0.00160969	0.000638763	0.000212265	5.72284e-05	1.20781e-05	2.1506e-06	
656869	9.5841e-06	0.000116155	0.00044885	0.00122122	0.00278283	0.00568516	0.0107698	0.0192205	0.0323659	0.0509248	0.0737912	0.0973047	0.11598	0.12451	0.120162	0.10436	0.0820684	0.0591297	0.039633	0.0250988	0.0152196	0.00891572	0.00504988	0.00274117	0.00140216	0.000661165	0.000280258	0.000103903	3.2698e-05	8.45015e-06	1.72792e-06	3.00404e-07	
666869	7.40567e-07	1.04062e-05	5.25811e-05	0.000197069	0.000621525	0.00171528	0.00420675	0.00922866	0.018164	0.0321334	0.0511783	0.0735318	0.0956123	0.113086	0.122331	0.121195	0.109363	0.0890897	0.0651329	0.0427354	0.0252816	0.0135754	0.00665923	0.00299529	0.00123301	0.000459955	0.000152735	4.40951e-05	1.07733e-05	2.16207e-06	3.44549e-07	4.5542e-08	
676869	1.42833e-06	2.10773e-05	9.49307e-05	0.000292298	0.000737422	0.00163706	0.00331218	0.00622574	0.0109893	0.0183182	0.0288948	0.0431034	0.0606429	0.0800973	0.0986493	0.112264	0.116816	0.110226	0.0941881	0.0734546	0.0530242	0.0359194	0.0229764	0.0138097	0.00768867	0.00388936	0.00174806	0.000680601	0.000223046	5.95544e-05	1.24861e-05	2.21242e-06	
686869	6.83964e-06	7.74332e-05	0.000280189	0.000717019	0.00154604	0.00300925	0.00547147	0.00945794	0.0156471	0.0247472	0.0372032	0.0527767	0.0701799	0.08702	0.100198	0.106702	0.104708	0.0947129	0.0796982	0.0634395	0.048419	0.0354489	0.0246009	0.0159025	0.0093977	0.00497962	0.00231667	0.000924358	0.000308029	8.31592e-05	1.75615e-05	3.12786e-06	
696869	1.15636e-05	0.000152972	0.000679502	0.00213731	0.00547424	0.0119624	0.0227866	0.0383176	0.0574039	0.0772032	0.0938677	0.10389	0.105492	0.0992934	0.0877859	0.0739264	0.0599277	0.0469941	0.0356868	0.026244	0.0186787	0.0128228	0.00841728	0.00520748	0.00297998	0.00154413	0.000707896	0.000279948	9.28584e-05	2.50319e-05	5.29039e-06	9.44969e-07	
706869	4.97047e-05	0.000533197	0.00185944	0.00465157	0.00984004	0.0185535	0.0317101	0.0493365	0.0699491	0.0905066	0.107175	0.116538	0.1166	0.107255	0.0903371	0.0692821	0.0481962	0.0304831	0.0177406	0.00968598	0.00504666	0.0025264	0.00121265	0.000553929	0.000237431	9.34468e-05	3.2885e-05	1.00584e-05	2.59604e-06	5.47572e-07	9.10595e-08	1.25011e-08	
716869	0.000650694	0.00622238	0.0201712	0.0470102	0.0867844	0.127532	0.148624	0.13965	0.111676	0.0822044	0.0592068	0.0429207	0.0317813	0.0242032	0.0188331	0.0147424	0.0114277	0.00866164	0.00635203	0.00446153	0.00296946	0.0018514	0.00106786	0.000561991	0.000265745	0.000110974	4.01408e-05	1.23061e-05	3.12076e-06	6.37034e-07	1.0149e-07	1.32075e-08	
726869	1.23515e-05	0.000154433	0.000652571	0.00203372	0.00543632	0.0124864	0.0237053	0.0373157	0.0509985	0.0636047	0.0747485	0.0840707	0.0907148	0.0932006	0.0902572	0.0820295	0.0703431	0.0576731	0.0458572	0.0356308	0.026983	0.0196946	0.0136364	0.00879913	0.00519406	0.00275041	0.00127914	0.000510342	0.000170096	4.594e-05	9.70732e-06	1.73042e-06	
736869	2.03703e-06	4.18301e-05	0.000237925	0.00089599	0.00272311	0.0071504	0.0165537	0.0337444	0.0599728	0.091934	0.120809	0.136473	0.134367	0.117807	0.0938809	0.0688602	0.0467859	0.0296288	0.017639	0.0099621	0.00537081	0.00276536	0.00135246	0.000622176	0.000265693	0.000103555	3.60666e-05	1.09442e-05	2.81026e-06	5.90943e-07	9.80866e-08	1.3447e-08	
746869	1.55541e-06	4.79524e-05	0.000362282	0.00157888	0.00499849	0.0126689	0.0269459	0.0492013	0.0778254	0.106798	0.12705	0.131412	0.119709	0.0985716	0.0758362	0.055831	0.0395177	0.0267939	0.0174849	0.011133	0.00697051	0.00425661	0.00248654	0.00135909	0.000680109	0.000304843	0.000119594	4.00416e-05	1.11232e-05	2.48295e-06	4.29396e-07	6.02698e-08	
756869	9.99239e-08	1.16373e-06	4.48706e-06	1.27882e-05	3.22589e-05	7.71134e-05	0.000179839	0.000414176	0.00094584	0.00213724	0.00473171	0.01009	0.0203023	0.0377759	0.0638056	0.096167	0.127229	0.145612	0.143018	0.121175	0.0902375	0.0603852	0.0368173	0.0205344	0.0104645	0.0048419	0.00200262	0.000721322	0.000218706	5.36951e-05	1.02315e-05	1.59559e-06	
766869	2.0145e-06	2.66069e-05	0.000112724	0.00034007	0.000873944	0.00205239	0.00453004	0.00942117	0.018229	0.0323082	0.052038	0.0762955	0.102152	0.124353	0.135867	0.131247	0.110987	0.0821236	0.0536558	0.0314253	0.0168014	0.00836061	0.00392829	0.00174419	0.000722449	0.000273723	9.28066e-05	2.74865e-05	6.91676e-06	1.43193e-06	2.34957e-07	3.19119e-08	
776869	4.19626e-06	4.95497e-05	0.000195431	0.000581816	0.00155477	0.00387648	0.00893806	0.018675	0.0347046	0.0565499	0.0801199	0.098751	0.107249	0.105278	0.0964994	0.0850583	0.073294	0.0618215	0.0506059	0.0397147	0.0294805	0.0203897	0.0129244	0.00738306	0.00374067	0.00165602	0.000631304	0.000203976	5.47847e-05	1.1925e-05	2.03517e-06	2.85638e-07	
786869	2.64357e-08	3.34123e-07	1.37209e-06	4.06342e-06	1.03744e-05	2.4545e-05	5.58535e-05	0.000124759	0.000276125	0.000606346	0.00131594	0.00280548	0.00583841	0.0117792	0.0228079	0.0416842	0.0702067	0.105957	0.139491	0.157041	0.149897	0.121369	0.0833967	0.0483092	0.0233578	0.00938304	0.0031383	0.00087453	0.000201039	3.73119e-05	5.43292e-06	6.44866e-07	
796869	1.88915e-07	2.69309e-06	1.19542e-05	3.67937e-05	9.3985e-05	0.000214496	0.000456134	0.00093195	0.00187333	0.00374946	0.00742381	0.0141929	0.0253983	0.0415053	0.061247	0.081634	0.0988857	0.109858	0.1131	0.108704	0.0975408	0.0810705	0.061607	0.0421537	0.0255442	0.0134711	0.00607063	0.00229336	0.000711615	0.000177347	3.45906e-05	5.69771e-06	
806869	2.72888e-06	3.50131e-05	0.000142207	0.000404433	0.000958425	0.00202372	0.0039327	0.00715839	0.0123251	0.0201649	0.0313478	0.0461253	0.0638553	0.0825987	0.0990264	0.109138	0.110145	0.102214	0.0880551	0.0709776	0.0536557	0.0380127	0.0252149	0.0156056	0.00891903	0.00462314	0.00212315	0.000841301	0.000279432	7.53447e-05	1.59083e-05	2.83449e-06	
816869	1.09739e-06	1.59636e-05	7.70421e-05	0.000267836	0.000782609	0.00202126	0.00470724	0.00997354	0.0193068	0.0342074	0.0554605	0.0820528	0.110085	0.13257	0.141403	0.131748	0.106171	0.0740232	0.0453533	0.0251447	0.0130177	0.00641378	0.00301104	0.00133321	0.000549084	0.0002071	7.01796e-05	2.08504e-05	5.2719e-06	1.09626e-06	1.80458e-07	2.45644e-08	
826869	6.4727e-06	8.95833e-05	0.000368925	0.00102069	0.00228701	0.00448456	0.00802441	0.013434	0.02132	0.0321512	0.0457971	0.0611157	0.0762551	0.0895319	0.0995025	0.104264	0.10195	0.0923724	0.0775554	0.0604747	0.0437112	0.0290841	0.0176549	0.00967996	0.00473733	0.00204107	0.000762376	0.000242569	6.43393e-05	1.38371e-05	2.3295e-06	3.20659e-07	
836869	5.4637e-08	7.86306e-07	3.81387e-06	1.35187e-05	4.10552e-05	0.00011314	0.000290541	0.000704869	0.00162726	0.00358689	0.00755225	0.0151414	0.0286605	0.0504359	0.0807563	0.114853	0.141968	0.150171	0.13509	0.104084	0.0703671	0.0433016	0.0250344	0.0137321	0.00706076	0.00332249	0.00138997	0.000501039	0.000150612	3.64875e-05	6.86891e-06	1.0676e-06	
846869	2.37225e-06	2.98686e-05	0.000119952	0.000339465	0.000804992	0.00171021	0.00336439	0.00624503	0.0110616	0.018804	0.0306922	0.0478641	0.0705815	0.0968593	0.121117	0.134923	0.131735	0.112393	0.0846489	0.0570988	0.0347586	0.0190432	0.00932532	0.00407191	0.00159416	0.000564128	0.000180398	5.12947e-05	1.25816e-05	2.56278e-06	4.15794e-07	5.59306e-08	
856869	1.48835e-05	0.000168133	0.000603762	0.00151915	0.00317598	0.00588045	0.00993503	0.0155644	0.0228348	0.0315998	0.0415016	0.0520271	0.0625732	0.0724626	0.0808925	0.0868917	0.0894188	0.087668	0.0814542	0.0714078	0.0588305	0.0453271	0.0324285	0.0213273	0.0127252	0.00677809	0.00316211	0.00126359	0.000421464	0.000113862	2.40601e-05	4.28821e-06	
866869	5.47717e-07	6.72553e-06	2.66352e-05	7.5232e-05	0.000180326	0.000392342	0.000801197	0.00156563	0.00296348	0.00547415	0.00990157	0.0175115	0.030034	0.0491448	0.074961	0.103866	0.12782	0.137831	0.130114	0.108597	0.0810994	0.0544097	0.0326098	0.0173197	0.00812638	0.00337574	0.00124325	0.000403009	0.000112741	2.6389e-05	4.96777e-06	7.97919e-07	
876869	1.45058e-05	0.000158736	0.000560862	0.0014252	0.00311027	0.00621437	0.0116225	0.0203961	0.0333605	0.050351	0.0694308	0.0868433	0.0983711	0.101566	0.0970145	0.0874728	0.0758785	0.0640859	0.0528491	0.0423727	0.0327584	0.0241677	0.0168081	0.0108625	0.00641535	0.00339783	0.00158035	0.000630492	0.000210112	5.67345e-05	1.19846e-05	2.13548e-06	
886869	0.000339282	0.00309713	0.0083254	0.0150545	0.0222884	0.0293656	0.0359897	0.0421084	0.0477702	0.0530168	0.0578219	0.0620682	0.0655503	0.0679947	0.0690935	0.0685512	0.0661403	0.0617649	0.0555189	0.0477265	0.0389424	0.0298954	0.0213716	0.0140574	0.00838934	0.00446894	0.00208478	0.000833025	0.000277826	7.50508e-05	1.58576e-05	2.82606e-06	
896869	0.000333759	0.00329617	0.00898751	0.0162256	0.0238374	0.0310414	0.0375064	0.043235	0.0483913	0.0531399	0.0575392	0.0615021	0.0648111	0.0671634	0.0682239	0.0676804	0.0652981	0.0609779	0.0548113	0.0471182	0.0384461	0.0295144	0.0210992	0.0138783	0.00828247	0.00441202	0.00205824	0.000822424	0.000274292	7.40967e-05	1.56562e-05	2.79019e-06	
906869	0.00120109	0.00732691	0.0143634	0.0207722	0.0265942	0.0320284	0.0371951	0.0421778	0.0470245	0.0517196	0.0561648	0.0601792	0.0635124	0.0658671	0.0669282	0.0664023	0.0640669	0.0598286	0.0537783	0.0462301	0.0377214	0.028958	0.0207014	0.0136166	0.00812629	0.00432882	0.00201942	0.000806909	0.000269117	7.26984e-05	1.53607e-05	2.73751e-06	
916869	0.00166135	0.00981627	0.0182888	0.0247491	0.0296188	0.0337767	0.0378225	0.0420153	0.046376	0.0507897	0.0550676	0.058973	0.06223	0.0645347	0.0655737	0.0650582	0.06277	0.0586174	0.0526895	0.0452942	0.0369576	0.0283717	0.0202823	0.013341	0.00796177	0.00424119	0.00197854	0.000790578	0.000263671	7.12275e-05	1.50499e-05	2.68215e-06	
926869	0.000132428	0.00166688	0.00523634	0.0109457	0.0187505	0.028285	0.0388157	0.0493355	0.0587602	0.0661767	0.0710522	0.0733143	0.0732733	0.0714338	0.0682901	0.0641888	0.0592924	0.0536297	0.047196	0.0400658	0.0324781	0.0248584	0.0177495	0.0116699	0.00696339	0.00370916	0.00173033	0.000691401	0.000230599	6.22961e-05	1.31635e-05	2.34614e-06	
936869	5.61555e-05	0.000703016	0.00267249	0.00678833	0.013696	0.0235226	0.035681	0.0489353	0.0616957	0.0724121	0.0799149	0.083611	0.083513	0.0801305	0.0742759	0.0668475	0.0586438	0.0502522	0.0420293	0.034163	0.0267741	0.0200076	0.0140645	0.00916037	0.00543728	0.00288854	0.00134606	0.000537795	0.000179455	4.85213e-05	1.02643e-05	1.83214e-06	
946869	9.28291e-07	1.05628e-05	3.86419e-05	0.000100638	0.000222309	0.000445944	0.00084011	0.00151477	0.00264517	0.00451149	0.00756805	0.0125624	0.0207135	0.0338742	0.0543254	0.0833341	0.117698	0.146495	0.154806	0.136119	0.0997147	0.062034	0.033639	0.0161813	0.00690422	0.00257899	0.000829929	0.000227092	5.23021e-05	1.0005e-05	1.54975e-06	2.02624e-07	
956869	4.08554e-07	5.906e-06	2.70554e-05	8.76878e-05	0.000240704	0.000599578	0.00139654	0.00307633	0.00641704	0.0126232	0.0232571	0.0398009	0.0627017	0.0900966	0.117013	0.136078	0.140105	0.125928	0.0976631	0.0654512	0.0386905	0.0207669	0.0102916	0.00469439	0.00194469	0.000721041	0.000235651	6.66481e-05	1.59463e-05	3.14077e-06	4.92843e-07	6.42856e-08	
966869	4.91027e-07	1.46777e-05	9.8494e-05	0.000392415	0.00116809	0.00284402	0.00591538	0.0107568	0.0173421	0.0250705	0.032972	0.0403743	0.0476353	0.0561994	0.0675923	0.0818824	0.0966379	0.107145	0.108316	0.0977774	0.0778856	0.0545548	0.0337186	0.0185177	0.00907597	0.0039526	0.00150566	0.000489286	0.000131623	2.83837e-05	4.74219e-06	6.43282e-07	
976869	1.35889e-05	0.000148377	0.00051786	0.00127945	0.00266568	0.00501195	0.00878659	0.0145972	0.0230817	0.0345364	0.0483195	0.0625609	0.0748264	0.0834468	0.0882279	0.0897691	0.0882481	0.0832325	0.0746261	0.0632953	0.0506913	0.0381988	0.0268675	0.0174262	0.0102718	0.00541339	0.00250378	0.000994321	0.000330364	8.90683e-05	1.88048e-05	3.35084e-06	
986869	9.68233e-05	0.00110417	0.00378236	0.00869191	0.0160508	0.0255875	0.0364801	0.0474202	0.0568876	0.0636754	0.0674343	0.0687841	0.068801	0.0682881	0.0674066	0.0658117	0.0630112	0.0586521	0.052656	0.0452459	0.0369129	0.0283357	0.0202561	0.0133234	0.00795116	0.00423547	0.00197585	0.000789489	0.000263304	7.11276e-05	1.50286e-05	2.67832e-06	
996869	1.3502e-05	0.000159357	0.00060488	0.00161772	0.00359297	0.00703899	0.012533	0.0206624	0.0319309	0.046531	0.0638835	0.0820847	0.0977787	0.107053	0.107266	0.0986291	0.0841047	0.0675822	0.0519617	0.0385782	0.0277143	0.0192016	0.0127245	0.00795525	0.00460649	0.00241744	0.00112256	0.000449426	0.00015078	4.10618e-05	8.75435e-06	1.57579e-06	
1.00687e+06	0.000178617	0.00232258	0.00858121	0.0204461	0.0378022	0.0583026	0.0777542	0.0916514	0.0971516	0.0942501	0.0853788	0.0738697	0.0624678	0.0526759	0.0448618	0.0386888	0.0335551	0.0289125	0.0244263	0.0199942	0.0156881	0.0116757	0.00814957	0.00526693	0.00310518	0.0016413	0.000762286	0.000303941	0.0001013	2.73694e-05	5.78659e-06	1.0323e-06	
1.01687e+06	3.79252e-06	4.6408e-05	0.000181523	0.00050112	0.0011597	0.00240113	0.00458649	0.00821526	0.0139272	0.0224541	0.0344536	0.0501402	0.0687478	0.0881076	0.104739	0.114654	0.114773	0.104478	0.0863583	0.0651846	0.0455009	0.0297759	0.01839	0.01068	0.0057629	0.00283949	0.00125036	0.00047978	0.00015581	4.1422e-05	8.67992e-06	1.54215e-06	
1.02687e+06	1.4275e-06	1.87963e-05	7.94729e-05	0.000238016	0.00059947	0.00135528	0.00283765	0.00559675	0.0104999	0.0188228	0.032195	0.0520299	0.0779852	0.105921	0.127766	0.135459	0.126415	0.104915	0.078389	0.0530974	0.0325598	0.0179678	0.00888898	0.00394935	0.0015834	0.000573456	0.000186059	5.30991e-05	1.29842e-05	2.63247e-06	4.2558e-07	5.71167e-08	
1.03687e+06	3.67891e-07	5.28551e-06	2.635e-05	9.71243e-05	0.00030372	0.000840533	0.00209665	0.00476054	0.00988593	0.0187819	0.0325209	0.0509748	0.0718266	0.0906971	0.103123	0.107052	0.103415	0.094561	0.0825991	0.0688963	0.0544321	0.0402511	0.0275221	0.0172126	0.00974627	0.0049397	0.002208	0.000853352	0.000277973	7.39684e-05	1.54961e-05	2.74925e-06	
1.04687e+06	8.12104e-06	9.01582e-05	0.000326432	0.000855482	0.0019253	0.00394211	0.00748493	0.0132189	0.0216435	0.032712	0.0455477	0.058565	0.0700421	0.0787628	0.0842585	0.0865834	0.0859481	0.0825081	0.0763543	0.0676489	0.0568348	0.044777	0.0326893	0.0218373	0.0131673	0.00705678	0.0033019	0.00132074	0.000440484	0.00011893	2.51105e-05	4.47081e-06	
1.05687e+06	1.02256e-07	1.53283e-06	7.55299e-06	2.73519e-05	8.67704e-05	0.000255844	0.000712483	0.0018642	0.00451221	0.00992455	0.0195551	0.0342805	0.0535511	0.0751422	0.0956323	0.111163	0.118382	0.11566	0.103846	0.0857967	0.0651457	0.0452624	0.028597	0.0163135	0.0083328	0.00377058	0.00149006	0.000504511	0.000142732	3.2704e-05	5.84831e-06	8.59151e-07	
1.06687e+06	0.0152608	0.0827427	0.131146	0.135755	0.111862	0.0818042	0.0580264	0.0429098	0.0343914	0.0298865	0.0275669	0.0263788	0.0257532	0.0253509	0.0249176	0.024235	0.0231241	0.0214696	0.0192444	0.0165221	0.0134737	0.0103409	0.0073916	0.00486158	0.00290121	0.00154541	0.00072093	0.000288064	9.6075e-05	2.59541e-05	5.48415e-06	9.77427e-07	
1.07687e+06	3.5792e-05	0.000360549	0.00120549	0.00295435	0.00617552	0.0114438	0.0190252	0.0286556	0.0396261	0.0510739	0.0621353	0.071853	0.0791677	0.0832447	0.0838452	0.0813052	0.0761809	0.0689855	0.0602024	0.0503917	0.0402085	0.0303436	0.0214438	0.0140193	0.00835455	0.00445923	0.00208853	0.000838457	0.000280915	7.6182e-05	1.61456e-05	2.88398e-06	
1.08687e+06	1.04122e-05	0.000116115	0.00041436	0.00104826	0.00223969	0.00432049	0.00775536	0.0131264	0.0210378	0.031913	0.0457126	0.0616804	0.0782699	0.0933484	0.104625	0.110084	0.108222	0.0982665	0.0808711	0.0590603	0.0377624	0.021208	0.010673	0.00492554	0.00210069	0.000816601	0.000281569	8.35102e-05	2.06655e-05	4.13733e-06	6.4846e-07	8.30382e-08	
1.09687e+06	5.25669e-06	7.45505e-05	0.00033537	0.00105008	0.00271532	0.00620258	0.0129213	0.0248154	0.0437011	0.0695425	0.098495	0.123045	0.135439	0.131904	0.114152	0.0879672	0.0606252	0.0379411	0.0222028	0.01255	0.0069701	0.00377989	0.00195904	0.000946583	0.000416988	0.000164225	5.67623e-05	1.68868e-05	4.22903e-06	8.67831e-07	1.41158e-07	1.90346e-08	
1.10687e+06	1.31711e-07	1.57708e-06	6.08231e-06	1.67312e-05	3.91415e-05	8.35192e-05	0.000168523	0.000328502	0.000626512	0.00117585	0.00217113	0.00392347	0.00688205	0.0116099	0.0186811	0.0285064	0.0411774	0.0564686	0.0739661	0.0928933	0.111191	0.124427	0.126453	0.113053	0.0863033	0.054799	0.0283082	0.0116998	0.00382752	0.000983224	0.000195853	3.29837e-05	
1.11687e+06	8.23569e-07	9.43237e-06	3.46667e-05	9.04907e-05	0.000199847	0.0004	0.000751563	0.00135472	0.00237965	0.00412353	0.00710904	0.012222	0.0208032	0.0344173	0.0538615	0.0774466	0.10014	0.115753	0.12078	0.115392	0.101582	0.0821322	0.0606084	0.0406106	0.0245644	0.0132686	0.00628308	0.00254256	0.000853225	0.000229824	4.79867e-05	8.36551e-06	
1.12687e+06	7.74379e-07	2.3918e-05	0.0001573	0.000650813	0.00213465	0.00592833	0.0141423	0.0289876	0.0509871	0.0770208	0.100364	0.113938	0.114625	0.1047	0.0893354	0.073137	0.0585271	0.0461302	0.0357778	0.0271526	0.0200008	0.0141559	0.00951227	0.00598499	0.00346979	0.00181941	0.000844488	0.000338472	0.000113871	3.11368e-05	6.67094e-06	1.20806e-06	
1.13687e+06	7.18306e-08	1.47177e-06	8.1819e-06	3.04642e-05	9.51941e-05	0.000273353	0.000745611	0.00193588	0.00472377	0.0106414	0.0217461	0.039749	0.0644111	0.0921809	0.116525	0.13049	0.13016	0.116477	0.0942217	0.0693629	0.0466973	0.0287943	0.0162165	0.00829072	0.00382057	0.00157606	0.000576789	0.000184272	5.00458e-05	1.11479e-05	1.95344e-06	2.82014e-07	
